#DISTRIBUTEDBY=Aerosol Refractive Index Archive (www.atm.ox.ac.uk/project/RI/)
#DESCRIPTION= Refractive indices of water ice
#SUBSTANCE= Water ice
#TEMPERATURE= 266K
#DOI=10.1029/2007jd009744
#REFERENCE= S.G. Warren and R.E. Brandt. Optical constants of ice from the ultraviolet to the microwave: A revised compilation. J. Geophys.
##Res., 113:D14220, 2008
#COMMENT=See http://www.atmos.washington.edu/ice_optical_constants/ for details
#FORMAT= WAVL N K

     Wavelength(m)   Real Part       Imaginary Part
*BEGIN_DATA
     4.43000E-08     8.22800E-01     1.64000E-01
     4.51000E-08     8.25000E-01     1.73000E-01
     4.59000E-08     8.25500E-01     1.83000E-01
     4.68000E-08     8.25800E-01     1.95000E-01
     4.77000E-08     8.26300E-01     2.08000E-01
     4.86000E-08     8.28100E-01     2.23000E-01
     4.96000E-08     8.34700E-01     2.40000E-01
     5.06000E-08     8.42800E-01     2.50000E-01
     5.17000E-08     8.48300E-01     2.59000E-01
     5.28000E-08     8.50500E-01     2.68000E-01
     5.39000E-08     8.49700E-01     2.79000E-01
     5.51000E-08     8.48900E-01     2.97000E-01
     5.64000E-08     8.51900E-01     3.19000E-01
     5.77000E-08     8.56600E-01     3.40000E-01
     5.90000E-08     8.64700E-01     3.66000E-01
     6.05000E-08     8.79700E-01     3.92000E-01
     6.20000E-08     8.97000E-01     4.16000E-01
     6.36000E-08     9.17300E-01     4.40000E-01
     6.53000E-08     9.40000E-01     4.64000E-01
     6.70000E-08     9.67900E-01     4.92000E-01
     6.89000E-08     1.00930E+00     5.17000E-01
     7.08000E-08     1.05360E+00     5.28000E-01
     7.29000E-08     1.09860E+00     5.33000E-01
     7.38000E-08     1.11830E+00     5.34000E-01
     7.51000E-08     1.14490E+00     5.31000E-01
     7.75000E-08     1.18850E+00     5.24000E-01
     8.00000E-08     1.22730E+00     5.10000E-01
     8.27000E-08     1.26290E+00     5.00000E-01
     8.55000E-08     1.31170E+00     4.99000E-01
     8.86000E-08     1.38070E+00     4.68000E-01
     9.18000E-08     1.40910E+00     3.80000E-01
     9.30000E-08     1.40280E+00     3.60000E-01
     9.54000E-08     1.39480E+00     3.39000E-01
     9.92000E-08     1.39640E+00     3.18000E-01
     1.03300E-07     1.40470E+00     2.91000E-01
     1.07800E-07     1.39810E+00     2.51000E-01
     1.10000E-07     1.38860E+00     2.44000E-01
     1.12700E-07     1.38060E+00     2.39000E-01
     1.14000E-07     1.37720E+00     2.39000E-01
     1.18100E-07     1.37830E+00     2.44000E-01
     1.21000E-07     1.39290E+00     2.47000E-01
     1.24000E-07     1.40610E+00     2.24000E-01
     1.27200E-07     1.39990E+00     1.95000E-01
     1.29500E-07     1.37770E+00     1.74000E-01
     1.30500E-07     1.36070E+00     1.72000E-01
     1.31900E-07     1.33890E+00     1.80000E-01
     1.33300E-07     1.32100E+00     1.94000E-01
     1.34800E-07     1.30300E+00     2.13000E-01
     1.36200E-07     1.28710E+00     2.43000E-01
     1.37000E-07     1.28490E+00     2.71000E-01
     1.37800E-07     1.28510E+00     2.89000E-01
     1.38700E-07     1.29700E+00     3.34000E-01
     1.39300E-07     1.31510E+00     3.44000E-01
     1.40900E-07     1.35750E+00     3.82000E-01
     1.42500E-07     1.41300E+00     4.01000E-01
     1.43500E-07     1.45250E+00     4.06500E-01
     1.44200E-07     1.48450E+00     4.05000E-01
     1.45000E-07     1.51570E+00     3.89000E-01
     1.45900E-07     1.54840E+00     3.77000E-01
     1.46800E-07     1.57290E+00     3.45000E-01
     1.47600E-07     1.59150E+00     3.32000E-01
     1.48000E-07     1.60210E+00     3.15000E-01
     1.48500E-07     1.60770E+00     2.98000E-01
     1.49400E-07     1.61560E+00     2.74000E-01
     1.51200E-07     1.62200E+00     2.28000E-01
     1.53100E-07     1.63110E+00     1.98000E-01
     1.54000E-07     1.63450E+00     1.72000E-01
     1.55000E-07     1.63630E+00     1.56000E-01
     1.56900E-07     1.63530E+00     1.10000E-01
     1.58000E-07     1.63090E+00     8.30000E-02
     1.58900E-07     1.62140E+00     5.80000E-02
     1.61000E-07     1.58180E+00     2.20000E-02
     1.63000E-07     1.54820E+00     8.47300E-03
     1.65000E-07     1.52250E+00     3.26300E-03
     1.67000E-07     1.50270E+00     1.25600E-03
     1.69000E-07     1.48700E+00     4.83700E-04
     1.71000E-07     1.47430E+00     1.86200E-04
     1.73000E-07     1.46350E+00     7.16500E-05
     1.75000E-07     1.45430E+00     2.75700E-05
     1.77000E-07     1.44620E+00     1.06100E-05
     1.79000E-07     1.43900E+00     4.08100E-06
     1.81000E-07     1.43260E+00     1.57000E-06
     1.83000E-07     1.42680E+00     5.40300E-07
     1.85000E-07     1.42150E+00     1.82900E-07
     1.87000E-07     1.41670E+00     6.21800E-08
     1.89000E-07     1.41220E+00     2.11300E-08
     1.91000E-07     1.40810E+00     7.18100E-09
     1.93000E-07     1.40430E+00     2.44000E-09
     1.95000E-07     1.40070E+00     8.28900E-10
     1.97000E-07     1.39740E+00     2.81600E-10
     1.99000E-07     1.39430E+00     9.56500E-11
     2.01000E-07     1.39140E+00     3.24900E-11
     2.01900E-07     1.39010E+00     2.00000E-11
     2.10000E-07     1.38010E+00     2.00000E-11
     2.50000E-07     1.35090E+00     2.00000E-11
     3.00000E-07     1.33390E+00     2.00000E-11
     3.50000E-07     1.32490E+00     2.00000E-11
     3.90000E-07     1.32030E+00     2.00000E-11
     4.00000E-07     1.31940E+00     2.36500E-11
     4.10000E-07     1.31850E+00     2.66900E-11
     4.20000E-07     1.31770E+00     3.13500E-11
     4.30000E-07     1.31700E+00     4.14000E-11
     4.40000E-07     1.31630E+00     6.26800E-11
     4.50000E-07     1.31570E+00     9.23900E-11
     4.60000E-07     1.31510E+00     1.32500E-10
     4.70000E-07     1.31450E+00     1.95600E-10
     4.80000E-07     1.31400E+00     2.86100E-10
     4.90000E-07     1.31350E+00     4.17200E-10
     5.00000E-07     1.31300E+00     5.88900E-10
     5.10000E-07     1.31260E+00     8.03600E-10
     5.20000E-07     1.31210E+00     1.07600E-09
     5.30000E-07     1.31170E+00     1.40900E-09
     5.40000E-07     1.31140E+00     1.81300E-09
     5.50000E-07     1.31100E+00     2.28900E-09
     5.60000E-07     1.31060E+00     2.83900E-09
     5.70000E-07     1.31030E+00     3.46100E-09
     5.80000E-07     1.31000E+00     4.15900E-09
     5.90000E-07     1.30970E+00     4.93000E-09
     6.00000E-07     1.30940E+00     5.73000E-09
     6.10000E-07     1.30910E+00     6.89000E-09
     6.20000E-07     1.30880E+00     8.58000E-09
     6.30000E-07     1.30850E+00     1.04000E-08
     6.40000E-07     1.30830E+00     1.22000E-08
     6.50000E-07     1.30800E+00     1.43000E-08
     6.60000E-07     1.30780E+00     1.66000E-08
     6.70000E-07     1.30760E+00     1.89000E-08
     6.80000E-07     1.30730E+00     2.09000E-08
     6.90000E-07     1.30710E+00     2.40000E-08
     7.00000E-07     1.30690E+00     2.90000E-08
     7.10000E-07     1.30670E+00     3.44000E-08
     7.20000E-07     1.30650E+00     4.03000E-08
     7.30000E-07     1.30620E+00     4.30000E-08
     7.40000E-07     1.30600E+00     4.92000E-08
     7.50000E-07     1.30590E+00     5.87000E-08
     7.60000E-07     1.30570E+00     7.08000E-08
     7.70000E-07     1.30550E+00     8.58000E-08
     7.80000E-07     1.30530E+00     1.02000E-07
     7.90000E-07     1.30510E+00     1.18000E-07
     8.00000E-07     1.30490E+00     1.34000E-07
     8.10000E-07     1.30470E+00     1.40000E-07
     8.20000E-07     1.30460E+00     1.43000E-07
     8.30000E-07     1.30440E+00     1.45000E-07
     8.40000E-07     1.30420E+00     1.51000E-07
     8.50000E-07     1.30400E+00     1.83000E-07
     8.60000E-07     1.30390E+00     2.15000E-07
     8.70000E-07     1.30370E+00     2.65000E-07
     8.80000E-07     1.30350E+00     3.35000E-07
     8.90000E-07     1.30330E+00     3.92000E-07
     9.00000E-07     1.30320E+00     4.20000E-07
     9.10000E-07     1.30300E+00     4.44000E-07
     9.20000E-07     1.30280E+00     4.74000E-07
     9.30000E-07     1.30270E+00     5.11000E-07
     9.40000E-07     1.30250E+00     5.53000E-07
     9.50000E-07     1.30230E+00     6.02000E-07
     9.60000E-07     1.30220E+00     7.55000E-07
     9.70000E-07     1.30200E+00     9.26000E-07
     9.80000E-07     1.30190E+00     1.12000E-06
     9.90000E-07     1.30170E+00     1.33000E-06
     1.00000E-06     1.30150E+00     1.62000E-06
     1.01000E-06     1.30140E+00     2.00000E-06
     1.02000E-06     1.30120E+00     2.25000E-06
     1.03000E-06     1.30100E+00     2.33000E-06
     1.04000E-06     1.30090E+00     2.33000E-06
     1.05000E-06     1.30070E+00     2.17000E-06
     1.06000E-06     1.30050E+00     1.96000E-06
     1.07000E-06     1.30030E+00     1.81000E-06
     1.08000E-06     1.30020E+00     1.74000E-06
     1.09000E-06     1.30000E+00     1.73000E-06
     1.10000E-06     1.29980E+00     1.70000E-06
     1.11000E-06     1.29970E+00     1.76000E-06
     1.12000E-06     1.29950E+00     1.82000E-06
     1.13000E-06     1.29930E+00     2.04000E-06
     1.14000E-06     1.29910E+00     2.25000E-06
     1.15000E-06     1.29900E+00     2.29000E-06
     1.16000E-06     1.29880E+00     3.04000E-06
     1.17000E-06     1.29860E+00     3.84000E-06
     1.18000E-06     1.29840E+00     4.77000E-06
     1.19000E-06     1.29820E+00     5.76000E-06
     1.20000E-06     1.29800E+00     6.71000E-06
     1.21000E-06     1.29790E+00     8.66000E-06
     1.22000E-06     1.29770E+00     1.02000E-05
     1.23000E-06     1.29750E+00     1.13000E-05
     1.24000E-06     1.29730E+00     1.22000E-05
     1.25000E-06     1.29710E+00     1.29000E-05
     1.26000E-06     1.29690E+00     1.32000E-05
     1.27000E-06     1.29670E+00     1.35000E-05
     1.28000E-06     1.29650E+00     1.33000E-05
     1.29000E-06     1.29630E+00     1.32000E-05
     1.30000E-06     1.29610E+00     1.32000E-05
     1.31000E-06     1.29590E+00     1.31000E-05
     1.32000E-06     1.29570E+00     1.32000E-05
     1.33000E-06     1.29550E+00     1.32000E-05
     1.34000E-06     1.29530E+00     1.34000E-05
     1.35000E-06     1.29510E+00     1.39000E-05
     1.36000E-06     1.29490E+00     1.42000E-05
     1.37000E-06     1.29460E+00     1.48000E-05
     1.38000E-06     1.29440E+00     1.58000E-05
     1.39000E-06     1.29410E+00     1.74000E-05
     1.40000E-06     1.29390E+00     1.98000E-05
     1.41000E-06     1.29370E+00     3.44200E-05
     1.42000E-06     1.29340E+00     5.95900E-05
     1.43000E-06     1.29310E+00     1.02800E-04
     1.44000E-06     1.29290E+00     1.51600E-04
     1.44900E-06     1.29270E+00     2.03000E-04
     1.46000E-06     1.29240E+00     2.94200E-04
     1.47100E-06     1.29210E+00     3.98700E-04
     1.48100E-06     1.29200E+00     4.94100E-04
     1.49300E-06     1.29180E+00     5.53200E-04
     1.50400E-06     1.29160E+00     5.37300E-04
     1.51500E-06     1.29140E+00     5.14300E-04
     1.52700E-06     1.29120E+00     4.90800E-04
     1.53800E-06     1.29090E+00     4.59400E-04
     1.56300E-06     1.29030E+00     3.85800E-04
     1.58700E-06     1.28970E+00     3.10500E-04
     1.61300E-06     1.28900E+00     2.65900E-04
     1.65000E-06     1.28790E+00     2.36100E-04
     1.68000E-06     1.28700E+00     2.04600E-04
     1.70000E-06     1.28630E+00     1.87500E-04
     1.73000E-06     1.28530E+00     1.65000E-04
     1.76000E-06     1.28430E+00     1.52200E-04
     1.80000E-06     1.28280E+00     1.41100E-04
     1.83000E-06     1.28160E+00     1.30200E-04
     1.84000E-06     1.28110E+00     1.31000E-04
     1.85000E-06     1.28070E+00     1.33900E-04
     1.85500E-06     1.28050E+00     1.37700E-04
     1.86000E-06     1.28020E+00     1.43200E-04
     1.87000E-06     1.27970E+00     1.63200E-04
     1.89000E-06     1.27880E+00     2.56600E-04
     1.90500E-06     1.27800E+00     4.08100E-04
     1.92300E-06     1.27710E+00     7.06000E-04
     1.94200E-06     1.27620E+00     1.10800E-03
     1.96100E-06     1.27560E+00     1.44200E-03
     1.98000E-06     1.27500E+00     1.61400E-03
     2.00000E-06     1.27440E+00     1.64000E-03
     2.02000E-06     1.27360E+00     1.56600E-03
     2.04100E-06     1.27280E+00     1.45800E-03
     2.06200E-06     1.27180E+00     1.26700E-03
     2.08300E-06     1.27070E+00     1.02300E-03
     2.10500E-06     1.26940E+00     7.58600E-04
     2.13000E-06     1.26770E+00     5.25500E-04
     2.15000E-06     1.26630E+00     4.02500E-04
     2.17000E-06     1.26480E+00     3.23500E-04
     2.19000E-06     1.26330E+00     2.70700E-04
     2.22000E-06     1.26090E+00     2.22800E-04
     2.24000E-06     1.25910E+00     2.03700E-04
     2.24500E-06     1.25870E+00     2.02600E-04
     2.25000E-06     1.25820E+00     2.03500E-04
     2.26000E-06     1.25730E+00     2.07800E-04
     2.27000E-06     1.25640E+00     2.17100E-04
     2.29000E-06     1.25450E+00     2.53800E-04
     2.31000E-06     1.25250E+00     3.13800E-04
     2.33000E-06     1.25040E+00     3.85800E-04
     2.35000E-06     1.24820E+00     4.59100E-04
     2.37000E-06     1.24590E+00     5.18700E-04
     2.39000E-06     1.24350E+00     5.60500E-04
     2.41000E-06     1.24090E+00     5.95600E-04
     2.43000E-06     1.23820E+00     6.25900E-04
     2.46000E-06     1.23370E+00     6.82000E-04
     2.50000E-06     1.22700E+00     7.53000E-04
     2.52000E-06     1.22320E+00     7.68500E-04
     2.55000E-06     1.21690E+00     7.64700E-04
     2.56500E-06     1.21350E+00     7.47300E-04
     2.58000E-06     1.20970E+00     7.39200E-04
     2.59000E-06     1.20710E+00     7.43700E-04
     2.60000E-06     1.20430E+00     7.54300E-04
     2.62000E-06     1.19830E+00     8.05900E-04
     2.67500E-06     1.17760E+00     1.36700E-03
     2.72500E-06     1.15070E+00     3.50800E-03
     2.77800E-06     1.10830E+00     1.34600E-02
     2.81700E-06     1.06570E+00     3.24500E-02
     2.83300E-06     1.04530E+00     4.57200E-02
     2.84900E-06     1.02360E+00     6.28700E-02
     2.86500E-06     1.00010E+00     8.54800E-02
     2.88200E-06     9.74700E-01     1.19800E-01
     2.89900E-06     9.56300E-01     1.69000E-01
     2.91500E-06     9.53800E-01     2.21000E-01
     2.93300E-06     9.67800E-01     2.76000E-01
     2.95000E-06     9.87300E-01     3.12000E-01
     2.96700E-06     1.00260E+00     3.47000E-01
     2.98500E-06     1.01800E+00     3.88000E-01
     3.00300E-06     1.03900E+00     4.38000E-01
     3.02100E-06     1.07220E+00     4.93000E-01
     3.04000E-06     1.12590E+00     5.54000E-01
     3.05800E-06     1.20890E+00     6.12000E-01
     3.07700E-06     1.32150E+00     6.25000E-01
     3.09600E-06     1.42250E+00     5.93000E-01
     3.11500E-06     1.49330E+00     5.39000E-01
     3.13500E-06     1.54780E+00     4.91000E-01
     3.15500E-06     1.59700E+00     4.38000E-01
     3.17500E-06     1.63360E+00     3.72000E-01
     3.19500E-06     1.64770E+00     3.00000E-01
     3.21500E-06     1.64050E+00     2.38000E-01
     3.23600E-06     1.62480E+00     1.93000E-01
     3.25700E-06     1.61080E+00     1.58000E-01
     3.27900E-06     1.59050E+00     1.21000E-01
     3.30000E-06     1.57140E+00     1.03000E-01
     3.32200E-06     1.55590E+00     8.36000E-02
     3.34500E-06     1.53960E+00     6.68000E-02
     3.36700E-06     1.52410E+00     5.31200E-02
     3.39000E-06     1.50860E+00     4.28600E-02
     3.41300E-06     1.49490E+00     3.52300E-02
     3.43600E-06     1.48270E+00     2.88700E-02
     3.46000E-06     1.47100E+00     2.34700E-02
     3.48400E-06     1.46040E+00     1.92100E-02
     3.50900E-06     1.45020E+00     1.58600E-02
     3.53400E-06     1.44110E+00     1.32600E-02
     3.55900E-06     1.43280E+00     1.13000E-02
     3.62400E-06     1.41460E+00     8.14600E-03
     3.73200E-06     1.39240E+00     6.67200E-03
     3.77500E-06     1.38500E+00     6.96600E-03
     3.84700E-06     1.37500E+00     8.24800E-03
     3.96900E-06     1.36230E+00     1.11200E-02
     4.09900E-06     1.35260E+00     1.47100E-02
     4.23900E-06     1.34470E+00     1.86700E-02
     4.34800E-06     1.34060E+00     2.41100E-02
     4.38700E-06     1.34010E+00     2.65600E-02
     4.44400E-06     1.34120E+00     2.99000E-02
     4.50500E-06     1.34440E+00     3.17900E-02
     4.54700E-06     1.34730E+00     3.09000E-02
     4.56000E-06     1.34820E+00     3.00700E-02
     4.58000E-06     1.34910E+00     2.88300E-02
     4.71900E-06     1.34700E+00     1.94000E-02
     4.90400E-06     1.33790E+00     1.34700E-02
     5.00000E-06     1.33250E+00     1.24000E-02
     5.10000E-06     1.32680E+00     1.22000E-02
     5.20000E-06     1.32120E+00     1.30200E-02
     5.26300E-06     1.31760E+00     1.38000E-02
     5.40000E-06     1.31000E+00     1.68300E-02
     5.55600E-06     1.30130E+00     2.23200E-02
     5.71400E-06     1.29330E+00     3.25600E-02
     5.74700E-06     1.29170E+00     3.53900E-02
     5.78000E-06     1.29060E+00     3.88300E-02
     5.81400E-06     1.29020E+00     4.27000E-02
     5.84800E-06     1.29040E+00     4.64300E-02
     5.88200E-06     1.29150E+00     5.04500E-02
     6.06100E-06     1.30150E+00     6.43900E-02
     6.13500E-06     1.30830E+00     6.56000E-02
     6.25000E-06     1.31520E+00     6.36000E-02
     6.28900E-06     1.31670E+00     6.26500E-02
     6.32900E-06     1.31780E+00     6.17000E-02
     6.36900E-06     1.31870E+00     6.10100E-02
     6.41000E-06     1.31940E+00     6.03100E-02
     6.45200E-06     1.32010E+00     5.96400E-02
     6.49400E-06     1.32070E+00     5.89900E-02
     6.57900E-06     1.32140E+00     5.78000E-02
     6.66700E-06     1.32190E+00     5.70000E-02
     6.75700E-06     1.32290E+00     5.68000E-02
     6.89700E-06     1.32420E+00     5.42800E-02
     7.04200E-06     1.32440E+00     5.16100E-02
     7.14300E-06     1.32360E+00     4.94000E-02
     7.24600E-06     1.32290E+00     4.84000E-02
     7.35300E-06     1.32180E+00     4.60000E-02
     7.46300E-06     1.32000E+00     4.44000E-02
     7.57600E-06     1.31830E+00     4.29000E-02
     7.69200E-06     1.31580E+00     4.04100E-02
     7.81200E-06     1.31230E+00     3.91100E-02
     7.93700E-06     1.30860E+00     3.81900E-02
     8.06500E-06     1.30470E+00     3.76000E-02
     8.19700E-06     1.30070E+00     3.72400E-02
     8.33300E-06     1.29640E+00     3.70000E-02
     8.47500E-06     1.29170E+00     3.67700E-02
     8.69600E-06     1.28350E+00     3.65400E-02
     8.92900E-06     1.27350E+00     3.66400E-02
     9.09100E-06     1.26550E+00     3.70600E-02
     9.25900E-06     1.25610E+00     3.78900E-02
     9.52400E-06     1.23870E+00     4.02600E-02
     9.80400E-06     1.21510E+00     4.45000E-02
     1.00000E-05     1.19260E+00     5.00800E-02
     1.02000E-05     1.16590E+00     6.46100E-02
     1.03100E-05     1.15010E+00     7.50000E-02
     1.04200E-05     1.13230E+00     8.80000E-02
     1.05300E-05     1.11360E+00     1.08000E-01
     1.06400E-05     1.09710E+00     1.34000E-01
     1.07500E-05     1.08670E+00     1.68000E-01
     1.08700E-05     1.08330E+00     2.04000E-01
     1.10000E-05     1.08860E+00     2.48000E-01
     1.11100E-05     1.10230E+00     2.80000E-01
     1.13600E-05     1.14390E+00     3.41000E-01
     1.16300E-05     1.19830E+00     3.79000E-01
     1.19000E-05     1.25460E+00     4.09000E-01
     1.22000E-05     1.31940E+00     4.22000E-01
     1.25000E-05     1.38220E+00     4.22000E-01
     1.28200E-05     1.44120E+00     4.03000E-01
     1.29900E-05     1.46830E+00     3.89000E-01
     1.31600E-05     1.49280E+00     3.74000E-01
     1.33300E-05     1.51320E+00     3.54000E-01
     1.35100E-05     1.53000E+00     3.35000E-01
     1.37000E-05     1.54580E+00     3.15000E-01
     1.38900E-05     1.55960E+00     2.94000E-01
     1.40800E-05     1.57010E+00     2.71000E-01
     1.42900E-05     1.57750E+00     2.46000E-01
     1.47100E-05     1.57620E+00     1.98000E-01
     1.51500E-05     1.56370E+00     1.64000E-01
     1.53800E-05     1.55590E+00     1.52000E-01
     1.56300E-05     1.54810E+00     1.42000E-01
     1.61300E-05     1.53530E+00     1.28000E-01
     1.63900E-05     1.53020E+00     1.25000E-01
     1.66700E-05     1.52940E+00     1.23000E-01
     1.69500E-05     1.53060E+00     1.16000E-01
     1.72400E-05     1.53030E+00     1.07000E-01
     1.81800E-05     1.51410E+00     7.90000E-02
     1.83200E-05     1.51040E+00     7.75200E-02
     1.86100E-05     1.50430E+00     7.45500E-02
     1.88700E-05     1.49820E+00     7.20000E-02
     1.92300E-05     1.49390E+00     7.60000E-02
     1.96100E-05     1.49630E+00     7.50000E-02
     2.00000E-05     1.49860E+00     6.70000E-02
     2.04100E-05     1.49560E+00     5.50000E-02
     2.08300E-05     1.48770E+00     4.50000E-02
     2.22200E-05     1.45750E+00     2.90000E-02
     2.26000E-05     1.44860E+00     2.75000E-02
     2.30500E-05     1.43900E+00     2.70000E-02
     2.36000E-05     1.42820E+00     2.73000E-02
     2.46000E-05     1.41020E+00     2.89000E-02
     2.50000E-05     1.40300E+00     3.00000E-02
     2.60000E-05     1.38540E+00     3.40000E-02
     2.85700E-05     1.34040E+00     5.12200E-02
     3.10000E-05     1.29690E+00     8.61500E-02
     3.33300E-05     1.26410E+00     1.34800E-01
     3.44800E-05     1.25300E+00     1.61500E-01
     3.56400E-05     1.24450E+00     1.89500E-01
     3.70000E-05     1.23710E+00     2.22700E-01
     3.82400E-05     1.23170E+00     2.52800E-01
     3.96000E-05     1.22430E+00     2.85300E-01
     4.11400E-05     1.20540E+00     3.24000E-01
     4.27600E-05     1.17420E+00     3.94500E-01
     4.35800E-05     1.15490E+00     4.52100E-01
     4.45800E-05     1.14960E+00     5.53500E-01
     4.55000E-05     1.18530E+00     6.78200E-01
     4.61500E-05     1.25430E+00     7.68400E-01
     4.67100E-05     1.34740E+00     8.25400E-01
     4.73600E-05     1.47250E+00     8.45800E-01
     4.80000E-05     1.58740E+00     8.15800E-01
     4.87800E-05     1.68410E+00     7.41400E-01
     5.00300E-05     1.75050E+00     6.19100E-01
     5.12800E-05     1.76490E+00     5.35300E-01
     5.27500E-05     1.76680E+00     4.78000E-01
     5.35000E-05     1.76870E+00     4.59900E-01
     5.42400E-05     1.77920E+00     4.46800E-01
     5.50000E-05     1.79550E+00     4.21400E-01
     5.57400E-05     1.80520E+00     3.86000E-01
     5.64000E-05     1.80410E+00     3.50800E-01
     5.70000E-05     1.79400E+00     3.19600E-01
     5.74600E-05     1.78050E+00     2.98100E-01
     5.84000E-05     1.74100E+00     2.65900E-01
     5.92900E-05     1.69300E+00     2.56900E-01
     6.00000E-05     1.66100E+00     2.78500E-01
     6.10000E-05     1.64190E+00     3.07600E-01
     6.12500E-05     1.63960E+00     3.14600E-01
     6.25000E-05     1.63720E+00     3.47100E-01
     6.37800E-05     1.64710E+00     3.74800E-01
     6.46700E-05     1.65960E+00     3.90200E-01
     6.55800E-05     1.67540E+00     4.02400E-01
     6.65500E-05     1.69450E+00     4.11500E-01
     6.76000E-05     1.71670E+00     4.16700E-01
     6.90000E-05     1.74660E+00     4.16700E-01
     7.05300E-05     1.77800E+00     4.08900E-01
     7.30000E-05     1.81850E+00     3.83000E-01
     7.50000E-05     1.84190E+00     3.54300E-01
     7.62900E-05     1.85040E+00     3.34000E-01
     8.00000E-05     1.86170E+00     2.94400E-01
     8.29700E-05     1.86690E+00     2.67900E-01
     8.50000E-05     1.86880E+00     2.51900E-01
     8.68000E-05     1.86990E+00     2.39000E-01
     9.08000E-05     1.86980E+00     2.14000E-01
     9.51700E-05     1.86810E+00     1.91300E-01
     1.00000E-04     1.86540E+00     1.70600E-01
     1.20000E-04     1.84990E+00     1.15100E-01
     1.60000E-04     1.82680E+00     6.68400E-02
     2.10000E-04     1.81140E+00     4.28200E-02
     3.00000E-04     1.79890E+00     2.54900E-02
     5.00000E-04     1.79080E+00     1.40500E-02
     1.30000E-03     1.78680E+00     5.17300E-03
     5.00000E-03     1.78610E+00     1.33700E-03
     1.90000E-02     1.78610E+00     3.57400E-04
     3.90000E-02     1.78610E+00     1.83900E-04
     6.10000E-02     1.78610E+00     1.29400E-04
     8.60000E-02     1.78610E+00     1.05800E-04
     1.10000E-01     1.78610E+00     9.67500E-05
     1.40000E-01     1.78610E+00     9.36000E-05
     1.80000E-01     1.78610E+00     9.61300E-05
     2.40000E-01     1.78610E+00     1.06600E-04
     3.40000E-01     1.78610E+00     1.31200E-04
     5.40000E-01     1.78610E+00     1.89500E-04
     1.00000E+00     1.78610E+00     3.34800E-04
*END
