*BLOCK: k-table     

Lookup table:   16 pressures,    3 temperatures.
 1.000000E+00 1.900000E+02 2.400000E+02 2.900000E+02
 2.150000E+00 1.900000E+02 2.400000E+02 2.900000E+02
 4.640000E+00 1.900000E+02 2.400000E+02 2.900000E+02
 1.000000E+01 1.900000E+02 2.400000E+02 2.900000E+02
 2.150000E+01 1.900000E+02 2.400000E+02 2.900000E+02
 4.640000E+01 1.900000E+02 2.400000E+02 2.900000E+02
 1.000000E+02 1.900000E+02 2.400000E+02 2.900000E+02
 2.150000E+02 1.900000E+02 2.400000E+02 2.900000E+02
 4.640000E+02 1.900000E+02 2.400000E+02 2.900000E+02
 1.000000E+03 1.900000E+02 2.400000E+02 2.900000E+02
 2.150000E+03 1.900000E+02 2.400000E+02 2.900000E+02
 4.640000E+03 1.900000E+02 2.400000E+02 2.900000E+02
 1.000000E+04 1.900000E+02 2.400000E+02 2.900000E+02
 2.150000E+04 1.900000E+02 2.400000E+02 2.900000E+02
 4.640000E+04 1.900000E+02 2.400000E+02 2.900000E+02
 1.000000E+05 1.900000E+02 2.400000E+02 2.900000E+02

Band:   38, gas:    1, k-terms:   31
 2.796696E-06 6.421858E-06 1.229321E-05
 6.012628E-06 1.379503E-05 2.640622E-05
 1.297481E-05 2.974828E-05 5.687683E-05
 2.795697E-05 6.403716E-05 1.222979E-04
 6.005086E-05 1.373690E-04 2.619373E-04
 1.294324E-04 2.951203E-04 5.613803E-04
 2.783400E-04 6.303393E-04 1.196568E-03
 5.960650E-04 1.338735E-03 2.551638E-03
 1.278536E-03 2.867829E-03 5.496520E-03
 2.743151E-03 6.175829E-03 1.183667E-02
 5.891446E-03 1.326641E-02 2.542451E-02
 1.266614E-02 2.846439E-02 5.465975E-02
 2.715676E-02 6.074048E-02 1.166646E-01
 5.822190E-02 1.297272E-01 2.480350E-01
 1.254098E-01 2.788642E-01 5.318345E-01
 2.693384E-01 5.983096E-01 1.140808E+00
 6.972338E-06 1.783378E-05 3.375390E-05
 1.498160E-05 3.831638E-05 7.244219E-05
 3.229259E-05 8.260408E-05 1.559828E-04
 6.941951E-05 1.776593E-04 3.347462E-04
 1.487082E-04 3.803914E-04 7.141555E-04
 3.190756E-04 8.144190E-04 1.525137E-03
 6.807433E-04 1.738127E-03 3.269124E-03
 1.442371E-03 3.722202E-03 7.023183E-03
 3.084772E-03 8.028324E-03 1.515258E-02
 6.641556E-03 1.728459E-02 3.263256E-02
 1.424761E-02 3.707316E-02 7.001992E-02
 3.065254E-02 7.975065E-02 1.504825E-01
 6.577565E-02 1.713766E-01 3.226751E-01
 1.404636E-01 3.658178E-01 6.878237E-01
 3.002582E-01 7.818805E-01 1.463476E+00
 6.326991E-01 1.644131E+00 3.068894E+00
 1.846431E-05 4.600639E-05 9.119096E-05
 3.953289E-05 9.869403E-05 1.947066E-04
 8.467534E-05 2.121398E-04 4.154484E-04
 1.811750E-04 4.530364E-04 8.794747E-04
 3.860729E-04 9.575088E-04 1.855509E-03
 8.214529E-04 2.029970E-03 3.975267E-03
 1.742072E-03 4.343080E-03 8.555902E-03
 3.722730E-03 9.302873E-03 1.837590E-02
 8.026650E-03 2.001696E-02 3.947805E-02
 1.722340E-02 4.292602E-02 8.449341E-02
 3.675778E-02 9.130026E-02 1.795030E-01
 7.825040E-02 1.942489E-01 3.815828E-01
 1.660115E-01 4.075448E-01 7.980817E-01
 3.495296E-01 8.507862E-01 1.654484E+00
 7.161522E-01 1.737029E+00 3.361264E+00
 1.441769E+00 3.465539E+00 6.594862E+00
 3.645656E-05 1.266076E-04 2.677666E-04
 7.791688E-05 2.715526E-04 5.712755E-04
 1.674345E-04 5.815545E-04 1.220941E-03
 3.601107E-04 1.234020E-03 2.613867E-03
 7.715637E-04 2.619237E-03 5.597594E-03
 1.660950E-03 5.611483E-03 1.206521E-02
 3.575527E-03 1.203796E-02 2.586520E-02
 7.679734E-03 2.579876E-02 5.501809E-02
 1.653929E-02 5.523427E-02 1.177482E-01
 3.550852E-02 1.172630E-01 2.506986E-01
 7.565360E-02 2.491070E-01 5.322999E-01
 1.622919E-01 5.260001E-01 1.119877E+00
 3.455359E-01 1.106660E+00 2.333332E+00
 7.259075E-01 2.284118E+00 4.737093E+00
 1.517058E+00 4.587836E+00 9.167049E+00
 2.938987E+00 8.673544E+00 1.674764E+01
 7.572435E-05 2.654211E-04 5.849107E-04
 1.611094E-04 5.605068E-04 1.233205E-03
 3.432787E-04 1.179055E-03 2.621281E-03
 7.260008E-04 2.489425E-03 5.617695E-03
 1.527300E-03 5.303639E-03 1.204346E-02
 3.255056E-03 1.140704E-02 2.574509E-02
 6.995112E-03 2.443556E-02 5.487887E-02
 1.497200E-02 5.208181E-02 1.169202E-01
 3.204667E-02 1.112903E-01 2.497830E-01
 6.836525E-02 2.379721E-01 5.338487E-01
 1.456004E-01 5.059785E-01 1.130364E+00
 3.097774E-01 1.074157E+00 2.379068E+00
 6.533802E-01 2.266667E+00 4.998883E+00
 1.339012E+00 4.681145E+00 1.022190E+01
 2.674858E+00 9.332826E+00 2.035708E+01
 5.049723E+00 1.767615E+01 3.924969E+01
 2.117941E-04 7.261807E-04 1.620677E-03
 4.478831E-04 1.501404E-03 3.422959E-03
 9.503609E-04 3.150281E-03 7.320139E-03
 2.013644E-03 6.679563E-03 1.562461E-02
 4.287343E-03 1.424949E-02 3.263345E-02
 9.185350E-03 3.010824E-02 6.854561E-02
 1.963150E-02 6.368513E-02 1.447469E-01
 4.174675E-02 1.346209E-01 3.056710E-01
 8.910019E-02 2.865031E-01 6.522361E-01
 1.896817E-01 6.109386E-01 1.366571E+00
 4.008865E-01 1.285697E+00 2.840538E+00
 8.417259E-01 2.701611E+00 5.994958E+00
 1.712758E+00 5.543695E+00 1.225086E+01
 3.439343E+00 1.086161E+01 2.391019E+01
 6.440282E+00 2.048068E+01 4.468605E+01
 1.167793E+01 3.948716E+01 8.816738E+01
 5.015670E-04 1.849509E-03 4.475242E-03
 1.056620E-03 3.838955E-03 9.547818E-03
 2.225154E-03 8.105098E-03 2.001244E-02
 4.720719E-03 1.712282E-02 4.092583E-02
 1.001994E-02 3.552283E-02 8.393815E-02
 2.147564E-02 7.467356E-02 1.762749E-01
 4.552249E-02 1.570126E-01 3.708963E-01
 9.640873E-02 3.318314E-01 7.772888E-01
 2.051480E-01 7.079087E-01 1.602340E+00
 4.354493E-01 1.489220E+00 3.333442E+00
 9.123779E-01 3.124507E+00 7.013388E+00
 1.882323E+00 6.499865E+00 1.452313E+01
 3.792902E+00 1.285147E+01 2.835862E+01
 7.020524E+00 2.419846E+01 5.240291E+01
 1.291041E+01 4.400369E+01 1.000876E+02
 2.358751E+01 8.107026E+01 1.809861E+02
 1.362216E-03 5.086146E-03 1.383755E-02
 2.822380E-03 1.056392E-02 2.725418E-02
 5.956099E-03 2.164904E-02 5.339880E-02
 1.262666E-02 4.412066E-02 1.077225E-01
 2.674452E-02 9.084612E-02 2.225780E-01
 5.610867E-02 1.890526E-01 4.608175E-01
 1.173682E-01 3.969149E-01 9.321225E-01
 2.458039E-01 8.326186E-01 1.883214E+00
 5.165839E-01 1.747041E+00 3.938449E+00
 1.074389E+00 3.672755E+00 8.330642E+00
 2.217243E+00 7.559655E+00 1.727982E+01
 4.463723E+00 1.506627E+01 3.430607E+01
 8.508095E+00 2.899749E+01 6.523830E+01
 1.622168E+01 5.242118E+01 1.233559E+02
 2.986106E+01 1.001618E+02 2.233625E+02
 4.472270E+01 1.595308E+02 3.553883E+02
 3.688110E-03 1.479630E-02 4.006962E-02
 7.601754E-03 2.836695E-02 7.455317E-02
 1.600254E-02 5.671133E-02 1.494004E-01
 3.349708E-02 1.136017E-01 2.957224E-01
 6.813363E-02 2.300482E-01 5.810041E-01
 1.364165E-01 4.683354E-01 1.102146E+00
 2.809194E-01 9.729765E-01 2.193925E+00
 5.826046E-01 2.023229E+00 4.562202E+00
 1.212151E+00 4.222447E+00 9.556712E+00
 2.531504E+00 8.623180E+00 1.982449E+01
 5.129084E+00 1.727208E+01 3.917388E+01
 1.017634E+01 3.417283E+01 7.558960E+01
 1.948476E+01 6.353545E+01 1.438386E+02
 3.559940E+01 1.175946E+02 2.571085E+02
 6.248885E+01 2.147860E+02 4.698379E+02
 8.187061E+01 2.611698E+02 5.555584E+02
 1.020046E-02 3.971980E-02 1.218659E-01
 2.126366E-02 7.572571E-02 2.211233E-01
 4.283923E-02 1.435168E-01 4.019970E-01
 8.014141E-02 2.793066E-01 7.226793E-01
 1.545817E-01 5.515807E-01 1.298449E+00
 3.159678E-01 1.123725E+00 2.541569E+00
 6.527183E-01 2.297847E+00 5.152927E+00
 1.338385E+00 4.697080E+00 1.056279E+01
 2.751432E+00 9.489337E+00 2.186069E+01
 5.665913E+00 1.896135E+01 4.318646E+01
 1.147067E+01 3.811507E+01 8.568800E+01
 2.180826E+01 7.261462E+01 1.609113E+02
 4.141316E+01 1.313018E+02 2.954945E+02
 7.599926E+01 2.539343E+02 5.511076E+02
 1.085083E+02 3.800236E+02 8.463899E+02
 1.216438E+02 3.967034E+02 9.067306E+02
 3.221920E-02 1.137702E-01 4.007968E-01
 5.617074E-02 2.023835E-01 6.367559E-01
 9.293626E-02 3.740068E-01 9.838310E-01
 1.826895E-01 7.115876E-01 1.691507E+00
 3.667663E-01 1.403850E+00 3.202056E+00
 7.489679E-01 2.823804E+00 6.247304E+00
 1.473139E+00 5.527665E+00 1.276780E+01
 2.971634E+00 1.055261E+01 2.585426E+01
 6.241639E+00 2.044029E+01 4.889667E+01
 1.285731E+01 4.241701E+01 9.885736E+01
 2.466379E+01 8.377140E+01 1.841587E+02
 4.771492E+01 1.519008E+02 3.428014E+02
 8.661476E+01 2.864428E+02 6.182423E+02
 1.470134E+02 5.097111E+02 1.114092E+03
 1.899090E+02 6.050328E+02 1.255086E+03
 1.706403E+02 5.471039E+02 1.418128E+03
 7.919052E-02 3.643440E-01 1.127021E+00
 1.276871E-01 5.980831E-01 1.687334E+00
 2.404175E-01 1.038683E+00 2.729168E+00
 4.590114E-01 1.889852E+00 4.777245E+00
 8.714243E-01 3.502935E+00 8.859752E+00
 1.630311E+00 6.443513E+00 1.698779E+01
 3.274476E+00 1.172043E+01 3.089394E+01
 6.743534E+00 2.269367E+01 5.615106E+01
 1.416242E+01 4.732623E+01 1.117249E+02
 2.771883E+01 9.240186E+01 2.042110E+02
 5.104243E+01 1.669043E+02 3.741459E+02
 9.599760E+01 3.069404E+02 6.836844E+02
 1.766288E+02 5.905779E+02 1.289440E+03
 2.474023E+02 8.552829E+02 1.909799E+03
 2.691932E+02 8.823062E+02 2.073551E+03
 2.286534E+02 6.793602E+02 1.774042E+03
 2.149956E-01 1.204334E+00 4.030740E+00
 3.693577E-01 1.821575E+00 5.410097E+00
 6.702811E-01 3.139203E+00 8.713788E+00
 1.145330E+00 5.376259E+00 1.494051E+01
 2.017614E+00 8.566416E+00 2.525641E+01
 3.889131E+00 1.367703E+01 3.948062E+01
 7.719315E+00 2.624078E+01 7.208860E+01
 1.617068E+01 5.425158E+01 1.401370E+02
 3.006768E+01 1.042110E+02 2.369750E+02
 5.455052E+01 1.835152E+02 4.198402E+02
 1.081663E+02 3.523070E+02 7.635629E+02
 1.957664E+02 6.499646E+02 1.405003E+03
 3.310390E+02 1.147300E+03 2.470162E+03
 4.204296E+02 1.335791E+03 2.770562E+03
 3.733892E+02 1.204831E+03 3.128527E+03
 2.685280E+02 9.567314E+02 2.394838E+03
 6.395875E-01 3.786630E+00 1.452538E+01
 9.664368E-01 5.593724E+00 1.857425E+01
 1.432548E+00 7.742377E+00 2.479698E+01
 2.397885E+00 1.028410E+01 3.388808E+01
 4.218858E+00 1.624440E+01 4.860381E+01
 8.551690E+00 3.175768E+01 8.680277E+01
 1.758702E+01 6.097345E+01 1.530513E+02
 3.193448E+01 1.122751E+02 2.389256E+02
 5.849735E+01 1.880618E+02 4.003219E+02
 1.057468E+02 3.596279E+02 7.264139E+02
 1.980538E+02 5.785094E+02 1.338563E+03
 3.562109E+02 1.157643E+03 2.548208E+03
 4.930475E+02 1.742382E+03 3.893003E+03
 5.578653E+02 1.821610E+03 4.289795E+03
 4.740092E+02 1.417117E+03 3.732962E+03
 2.847105E+02 1.246665E+03 3.140792E+03
 1.624846E+00 1.129115E+01 5.850341E+01
 2.266445E+00 1.157729E+01 5.856551E+01
 3.455974E+00 1.503879E+01 6.546903E+01
 6.156118E+00 2.674122E+01 8.693552E+01
 1.213588E+01 4.602683E+01 1.364946E+02
 2.188869E+01 7.484974E+01 1.875281E+02
 3.606132E+01 1.162802E+02 2.522670E+02
 5.867235E+01 1.804386E+02 4.010613E+02
 9.860320E+01 3.456532E+02 7.360448E+02
 1.929422E+02 6.013846E+02 1.408806E+03
 3.332224E+02 1.191715E+03 2.613811E+03
 6.115826E+02 2.085252E+03 4.570522E+03
 7.901457E+02 2.497173E+03 5.482653E+03
 7.015155E+02 2.412778E+03 6.198285E+03
 5.536519E+02 1.843770E+03 4.607105E+03
 3.203573E+02 1.487471E+03 3.767530E+03
 4.384106E+00 3.702106E+01 1.629331E+02
 4.917958E+00 3.749237E+01 1.635770E+02
 7.896771E+00 3.850822E+01 1.649636E+02
 8.957048E+00 4.067358E+01 1.679136E+02
 1.875119E+01 7.077043E+01 1.771153E+02
 3.186836E+01 1.087619E+02 2.612016E+02
 4.934208E+01 1.865374E+02 3.561783E+02
 9.839948E+01 2.699224E+02 5.375534E+02
 1.764457E+02 4.845831E+02 8.986451E+02
 2.790891E+02 7.298208E+02 1.849422E+03
 5.792940E+02 1.507393E+03 3.254644E+03
 7.732783E+02 2.751221E+03 6.102548E+03
 9.315111E+02 3.102163E+03 6.529790E+03
 8.301417E+02 2.815543E+03 7.000045E+03
 5.888823E+02 2.200986E+03 5.519325E+03
 3.408279E+02 1.586710E+03 4.027702E+03
 7.168921E+00 4.287760E+01 1.734649E+02
 7.399555E+00 4.295660E+01 1.736081E+02
 1.061362E+01 4.312613E+01 1.739152E+02
 1.733866E+01 4.348404E+01 1.745629E+02
 2.000329E+01 7.647126E+01 2.139105E+02
 3.359886E+01 1.286067E+02 2.791116E+02
 5.368075E+01 2.166545E+02 4.008311E+02
 1.008848E+02 3.377777E+02 6.135303E+02
 2.117637E+02 5.620119E+02 1.158854E+03
 3.245558E+02 1.008334E+03 2.485001E+03
 6.377805E+02 2.026675E+03 3.827910E+03
 9.164942E+02 3.190838E+03 6.357896E+03
 1.023120E+03 3.474013E+03 8.071401E+03
 9.127972E+02 2.824416E+03 7.568946E+03
 5.947057E+02 2.440159E+03 6.134940E+03
 3.519641E+02 1.640921E+03 4.170293E+03
 1.518064E+01 6.741036E+01 2.308847E+02
 1.545998E+01 6.793454E+01 2.307638E+02
 1.606119E+01 6.906295E+01 2.305022E+02
 2.287404E+01 7.146176E+01 2.299408E+02
 2.628086E+01 8.060019E+01 2.287437E+02
 3.759309E+01 1.402032E+02 2.971299E+02
 6.898958E+01 2.304703E+02 5.442400E+02
 1.059277E+02 4.646352E+02 7.877875E+02
 2.162608E+02 7.258520E+02 1.311359E+03
 4.506477E+02 1.024633E+03 2.706579E+03
 8.631159E+02 2.117611E+03 4.882089E+03
 9.871969E+02 3.741446E+03 7.043742E+03
 1.140220E+03 3.739711E+03 9.072630E+03
 9.747545E+02 2.903506E+03 7.794502E+03
 5.951594E+02 2.465326E+03 6.199240E+03
 3.530513E+02 1.646242E+03 4.184367E+03
 2.086641E+01 9.694674E+01 2.396510E+02
 2.147549E+01 9.808917E+01 2.394702E+02
 2.279033E+01 1.005544E+02 2.390794E+02
 2.560224E+01 1.058220E+02 2.382418E+02
 3.154992E+01 1.050693E+02 2.364608E+02
 4.046555E+01 1.455754E+02 3.578365E+02
 7.239706E+01 2.343274E+02 5.558915E+02
 1.139742E+02 4.646401E+02 8.610212E+02
 2.270235E+02 7.775358E+02 1.850535E+03
 4.523662E+02 1.533933E+03 2.730146E+03
 8.940346E+02 3.028471E+03 5.222115E+03
 1.076620E+03 3.851364E+03 1.002683E+04
 1.230996E+03 3.834205E+03 9.498169E+03
 9.975494E+02 3.050526E+03 8.215598E+03
 6.027093E+02 2.719812E+03 6.857624E+03
 3.633472E+02 1.696503E+03 4.316885E+03
 2.594856E+01 1.066615E+02 2.419780E+02
 2.671301E+01 1.065711E+02 2.434357E+02
 2.665676E+01 1.063759E+02 2.465810E+02
 2.653631E+01 1.059577E+02 2.533006E+02
 3.246832E+01 1.169452E+02 2.674852E+02
 4.402506E+01 1.527251E+02 3.821683E+02
 8.098522E+01 2.770215E+02 6.013415E+02
 1.555123E+02 5.030804E+02 1.185670E+03
 2.503977E+02 9.948335E+02 2.528595E+03
 4.741853E+02 2.075564E+03 3.913322E+03
 9.157600E+02 3.942252E+03 7.750393E+03
 1.239931E+03 4.127507E+03 1.020602E+04
 1.281176E+03 4.058843E+03 1.008909E+04
 9.983151E+02 3.080713E+03 8.302426E+03
 6.083095E+02 2.749677E+03 6.934667E+03
 3.643562E+02 1.701462E+03 4.330048E+03
 2.673906E+01 1.503822E+02 3.689226E+02
 2.935627E+01 1.502576E+02 3.686355E+02
 3.288273E+01 1.499885E+02 3.680151E+02
 3.275027E+01 1.494115E+02 3.666848E+02
 4.917767E+01 1.481841E+02 3.638545E+02
 5.522364E+01 1.730385E+02 4.477379E+02
 8.580548E+01 3.290826E+02 6.937147E+02
 1.738860E+02 5.941300E+02 1.291041E+03
 3.342010E+02 1.078499E+03 2.767945E+03
 7.064451E+02 2.255190E+03 5.248199E+03
 1.082756E+03 4.273208E+03 9.894685E+03
 1.294354E+03 4.761368E+03 1.033668E+04
 1.361760E+03 4.612787E+03 1.218304E+04
 1.083337E+03 3.538759E+03 8.838718E+03
 6.493968E+02 3.009993E+03 7.611525E+03
 3.735789E+02 1.746601E+03 4.449314E+03
 3.297307E+01 2.426804E+02 5.718615E+02
 3.294449E+01 2.425334E+02 5.715289E+02
 3.673313E+01 2.422157E+02 5.708097E+02
 5.260530E+01 2.415336E+02 5.692660E+02
 5.595864E+01 2.400791E+02 5.659747E+02
 9.187586E+01 2.369713E+02 5.589436E+02
 8.718880E+01 3.718961E+02 8.234145E+02
 1.872435E+02 7.068796E+02 1.768614E+03
 3.730893E+02 1.267667E+03 3.800193E+03
 7.837103E+02 2.595974E+03 5.790839E+03
 1.173544E+03 4.551295E+03 1.100198E+04
 1.574291E+03 5.344505E+03 1.232099E+04
 1.403764E+03 5.095347E+03 1.352045E+04
 1.163211E+03 3.581271E+03 8.938628E+03
 6.565138E+02 3.044308E+03 7.701030E+03
 3.744805E+02 1.751050E+03 4.461162E+03
 5.657244E+01 2.793145E+02 5.820672E+02
 5.653780E+01 2.806662E+02 5.835532E+02
 5.646288E+01 2.835777E+02 5.867543E+02
 5.630200E+01 2.897742E+02 5.935696E+02
 8.662395E+01 3.027474E+02 6.078492E+02
 1.061170E+02 3.293803E+02 6.372134E+02
 1.416170E+02 3.804108E+02 9.505330E+02
 1.932452E+02 7.974549E+02 2.025405E+03
 4.019719E+02 1.519069E+03 3.946326E+03
 8.456843E+02 3.210965E+03 8.029068E+03
 1.397300E+03 5.371072E+03 1.422476E+04
 2.187305E+03 5.903204E+03 1.475290E+04
 1.412304E+03 6.200403E+03 1.545847E+04
 1.204012E+03 4.475757E+03 1.123216E+04
 7.087240E+02 3.296305E+03 8.359296E+03
 3.824025E+02 1.789909E+03 4.564031E+03
 6.387832E+01 4.542504E+02 2.797708E+03
 6.744515E+01 4.709361E+02 2.841398E+03
 7.516238E+01 5.070470E+02 2.935928E+03
 8.526659E+01 5.846997E+02 3.139093E+03
 9.336104E+01 7.509302E+02 3.573497E+03
 1.099580E+02 1.109047E+03 4.507033E+03
 2.285480E+02 1.108235E+03 5.390484E+03
 4.720551E+02 9.829222E+02 4.854047E+03
 7.542495E+02 1.708813E+03 4.321585E+03
 1.058996E+03 3.581085E+03 9.013400E+03
 1.521042E+03 5.834552E+03 1.546881E+04
 2.221159E+03 6.025779E+03 1.568878E+04
 1.748547E+03 6.208499E+03 1.611740E+04
 1.232243E+03 4.578457E+03 1.148510E+04
 7.163124E+02 3.333402E+03 8.457179E+03
 3.831679E+02 1.793698E+03 4.574151E+03
 7.873720E+01 9.193341E+02 4.848706E+03
 7.958115E+01 9.373768E+02 4.895427E+03
 8.139877E+01 9.763959E+02 4.996430E+03
 9.174772E+01 1.060167E+03 5.213121E+03
 9.490694E+01 1.208326E+03 5.674670E+03
 1.601013E+02 1.175157E+03 5.672512E+03
 3.020818E+02 1.871018E+03 6.483117E+03
 4.898710E+02 2.832330E+03 8.872649E+03
 9.838475E+02 4.042206E+03 1.155573E+04
 1.250466E+03 5.319266E+03 1.432257E+04
 1.638482E+03 6.351578E+03 1.586636E+04
 2.371451E+03 1.013183E+04 2.532895E+04
 1.986375E+03 6.431965E+03 1.664725E+04
 1.251562E+03 5.561399E+03 1.402441E+04
 7.628426E+02 3.559052E+03 9.048925E+03
 3.895790E+02 1.825205E+03 4.657686E+03
 9.750914E+01 1.236690E+03 5.499050E+03
 9.736054E+01 1.235073E+03 5.520315E+03
 9.703988E+01 1.231583E+03 5.566231E+03
 9.635459E+01 1.224118E+03 5.664493E+03
 1.272052E+02 1.238875E+03 5.811275E+03
 2.033576E+02 1.620957E+03 6.311202E+03
 3.172889E+02 2.088261E+03 7.200321E+03
 6.487146E+02 3.460176E+03 1.056249E+04
 1.042304E+03 5.266540E+03 1.492578E+04
 2.108932E+03 6.283127E+03 1.687985E+04
 2.745005E+03 6.926652E+03 1.733304E+04
 2.424593E+03 1.081102E+04 2.701003E+04
 2.134309E+03 6.481018E+03 1.742144E+04
 1.284376E+03 5.786053E+03 1.460048E+04
 7.701447E+02 3.595216E+03 9.145386E+03
 3.901808E+02 1.828193E+03 4.665685E+03
 1.341197E+02 1.338890E+03 5.929428E+03
 1.361864E+02 1.348206E+03 5.922704E+03
 1.406519E+02 1.368327E+03 5.908184E+03
 1.502213E+02 1.411407E+03 5.877111E+03
 1.705541E+02 1.502764E+03 5.872667E+03
 2.136479E+02 1.695617E+03 6.658289E+03
 3.641422E+02 2.420322E+03 8.702718E+03
 6.860636E+02 4.025055E+03 1.251732E+04
 1.312501E+03 6.652705E+03 1.860637E+04
 2.207209E+03 1.108975E+04 2.998780E+04
 3.546310E+03 1.351986E+04 3.566753E+04
 2.552609E+03 1.088864E+04 2.888463E+04
 2.249544E+03 9.157707E+03 2.305908E+04
 1.434863E+03 6.661824E+03 1.686936E+04
 8.070693E+02 3.774928E+03 9.618044E+03
 3.949008E+02 1.851422E+03 4.727349E+03
 2.924527E+02 2.487553E+03 9.188397E+03
 2.949691E+02 2.497926E+03 9.210168E+03
 3.004019E+02 2.520315E+03 9.257150E+03
 3.120236E+02 2.568175E+03 9.357549E+03
 3.366231E+02 2.669338E+03 9.569602E+03
 3.883375E+02 2.881377E+03 1.001337E+04
 4.926477E+02 3.306564E+03 1.090031E+04
 6.924961E+02 4.086744E+03 1.275655E+04
 1.328280E+03 6.972113E+03 2.005162E+04
 2.550720E+03 1.221373E+04 3.222130E+04
 4.019099E+03 1.866414E+04 4.751225E+04
 2.698377E+03 1.242675E+04 3.122298E+04
 2.454189E+03 1.037323E+04 2.612543E+04
 1.508722E+03 7.023461E+03 1.782427E+04
 8.129774E+02 3.804501E+03 9.697632E+03
 3.953162E+02 1.853489E+03 4.732890E+03
 3.459338E+03 2.214672E+04 6.785957E+04
 3.467150E+03 2.217065E+04 6.789575E+04
 3.483984E+03 2.222219E+04 6.797361E+04
 3.519845E+03 2.233188E+04 6.813899E+04
 3.595073E+03 2.256151E+04 6.848380E+04
 3.750180E+03 2.303275E+04 6.918482E+04
 4.050413E+03 2.393372E+04 7.049120E+04
 4.557122E+03 2.541262E+04 7.250501E+04
 5.176530E+03 2.702544E+04 7.406721E+04
 5.323879E+03 2.655309E+04 7.051239E+04
 4.271302E+03 1.960423E+04 4.847103E+04
 3.835648E+03 1.280238E+04 3.414522E+04
 2.513088E+03 1.130931E+04 2.846742E+04
 1.627119E+03 7.585788E+03 1.927367E+04
 8.367710E+02 3.920573E+03 1.000349E+04
 3.982065E+02 1.867727E+03 4.770720E+03
 1.161659E+04 5.224399E+04 1.190409E+05
 1.162228E+04 5.220225E+04 1.189564E+05
 1.163453E+04 5.211205E+04 1.187738E+05
 1.166055E+04 5.191877E+04 1.183823E+05
 1.171473E+04 5.150800E+04 1.175496E+05
 1.182464E+04 5.063660E+04 1.157792E+05
 1.186200E+04 4.884097E+04 1.121147E+05
 1.088905E+04 4.532649E+04 1.048757E+05
 9.189688E+03 3.903217E+04 9.167226E+04
 6.782514E+03 2.971612E+04 7.148110E+04
 4.328730E+03 2.114572E+04 5.580326E+04
 4.328986E+03 1.995851E+04 5.028994E+04
 3.104260E+03 1.442021E+04 3.652752E+04
 1.691481E+03 7.908039E+03 2.013985E+04
 8.401116E+02 3.937412E+03 1.004907E+04
 3.984186E+02 1.868784E+03 4.773556E+03
 1.281991E+04 6.073891E+04 1.629474E+05
 1.280806E+04 6.074594E+04 1.629373E+05
 1.278249E+04 6.076095E+04 1.629151E+05
 1.272770E+04 6.079237E+04 1.628662E+05
 1.261144E+04 6.085565E+04 1.627557E+05
 1.236554E+04 6.096971E+04 1.624909E+05
 1.202826E+04 6.114375E+04 1.618110E+05
 1.233728E+04 6.118991E+04 1.599163E+05
 1.255386E+04 6.016222E+04 1.543554E+05
 1.191070E+04 5.531421E+04 1.393872E+05
 9.441280E+03 4.339455E+04 1.087520E+05
 5.887174E+03 2.727612E+04 6.886782E+04
 3.203132E+03 1.493577E+04 3.794345E+04
 1.730284E+03 8.090272E+03 2.060525E+04
 8.483331E+02 3.977564E+03 1.015497E+04
 3.993920E+02 1.873582E+03 4.786308E+03

Band:   39, gas:    1, k-terms:   29
 3.736430E-06 5.492332E-06 8.236313E-06
 8.029941E-06 1.180404E-05 1.770460E-05
 1.732131E-05 2.546164E-05 3.819288E-05
 3.729583E-05 5.482565E-05 8.223747E-05
 8.003284E-05 1.176593E-04 1.764626E-04
 1.721562E-04 2.530948E-04 3.792707E-04
 3.687231E-04 5.422373E-04 8.113648E-04
 7.839260E-04 1.154784E-03 1.727711E-03
 1.667602E-03 2.472059E-03 3.713278E-03
 3.570314E-03 5.319723E-03 8.000707E-03
 7.665990E-03 1.142913E-02 1.719528E-02
 1.650430E-02 2.461001E-02 3.705658E-02
 3.546656E-02 5.276043E-02 7.951052E-02
 7.597160E-02 1.127000E-01 1.693999E-01
 1.625072E-01 2.413720E-01 3.627196E-01
 3.416183E-01 5.123774E-01 7.701794E-01
 1.028431E-05 1.432215E-05 2.043032E-05
 2.208497E-05 3.072793E-05 4.383492E-05
 4.755242E-05 6.611340E-05 9.430759E-05
 1.022075E-04 1.419654E-04 2.021125E-04
 2.189295E-04 3.035613E-04 4.309785E-04
 4.690641E-04 6.487432E-04 9.178090E-04
 9.984899E-04 1.379624E-03 1.948806E-03
 2.120476E-03 2.939390E-03 4.167202E-03
 4.558225E-03 6.329502E-03 8.977623E-03
 9.804806E-03 1.360554E-02 1.929297E-02
 2.098594E-02 2.906808E-02 4.119505E-02
 4.492691E-02 6.192398E-02 8.746070E-02
 9.548872E-02 1.315843E-01 1.840890E-01
 1.986604E-01 2.752690E-01 3.882997E-01
 3.977090E-01 5.544557E-01 7.864529E-01
 7.386087E-01 1.041210E+00 1.534579E+00
 2.741442E-05 3.861567E-05 5.472118E-05
 5.862962E-05 8.235908E-05 1.165104E-04
 1.258661E-04 1.763807E-04 2.490908E-04
 2.693630E-04 3.762841E-04 5.306211E-04
 5.715389E-04 7.969183E-04 1.119279E-03
 1.211387E-03 1.691090E-03 2.375655E-03
 2.579072E-03 3.610038E-03 5.085581E-03
 5.532395E-03 7.736839E-03 1.090376E-02
 1.190800E-02 1.659654E-02 2.343958E-02
 2.549985E-02 3.545129E-02 5.012634E-02
 5.413520E-02 7.499171E-02 1.059056E-01
 1.144186E-01 1.584022E-01 2.221112E-01
 2.362810E-01 3.253006E-01 4.625551E-01
 4.599330E-01 6.264737E-01 8.999330E-01
 8.316350E-01 1.133889E+00 1.650061E+00
 1.680002E+00 2.196546E+00 3.088115E+00
 6.128336E-05 1.001498E-04 1.545609E-04
 1.311616E-04 2.143490E-04 3.297387E-04
 2.814659E-04 4.597141E-04 7.027367E-04
 6.004218E-04 9.815587E-04 1.487450E-03
 1.276441E-03 2.091934E-03 3.160969E-03
 2.735893E-03 4.489413E-03 6.782304E-03
 5.879239E-03 9.637769E-03 1.457010E-02
 1.260412E-02 2.058639E-02 3.113804E-02
 2.709089E-02 4.426710E-02 6.672921E-02
 5.790299E-02 9.468801E-02 1.416815E-01
 1.232224E-01 2.011200E-01 2.981016E-01
 2.622440E-01 4.255069E-01 6.296169E-01
 5.393834E-01 8.687320E-01 1.278045E+00
 1.067224E+00 1.698104E+00 2.430355E+00
 2.079653E+00 3.249766E+00 4.713482E+00
 4.274144E+00 6.413333E+00 8.597710E+00
 1.895983E-04 2.789755E-04 3.732835E-04
 3.992817E-04 5.911925E-04 7.940704E-04
 8.338689E-04 1.253645E-03 1.689428E-03
 1.738948E-03 2.656762E-03 3.608844E-03
 3.685286E-03 5.659079E-03 7.713597E-03
 7.908352E-03 1.209561E-02 1.657535E-02
 1.695019E-02 2.583212E-02 3.549695E-02
 3.614713E-02 5.526054E-02 7.583052E-02
 7.703259E-02 1.178859E-01 1.614575E-01
 1.640593E-01 2.506141E-01 3.432914E-01
 3.464953E-01 5.299482E-01 7.289140E-01
 7.139544E-01 1.096558E+00 1.531910E+00
 1.414344E+00 2.194188E+00 3.076114E+00
 2.656328E+00 4.139699E+00 6.082016E+00
 5.515664E+00 8.310211E+00 1.151539E+01
 1.005225E+01 1.643727E+01 2.231919E+01
 4.769425E-04 6.518015E-04 8.630579E-04
 1.004150E-03 1.370355E-03 1.802491E-03
 2.135282E-03 2.887236E-03 3.814038E-03
 4.580249E-03 6.134883E-03 8.124841E-03
 9.783964E-03 1.297910E-02 1.731836E-02
 2.100271E-02 2.771171E-02 3.687044E-02
 4.487233E-02 5.909052E-02 7.817844E-02
 9.543364E-02 1.254376E-01 1.646931E-01
 2.042923E-01 2.676166E-01 3.479025E-01
 4.355833E-01 5.699291E-01 7.351658E-01
 9.242107E-01 1.194905E+00 1.546457E+00
 1.929119E+00 2.466217E+00 3.155501E+00
 3.873982E+00 4.868279E+00 6.219371E+00
 8.194488E+00 9.974987E+00 1.210907E+01
 1.645740E+01 2.060477E+01 2.361845E+01
 2.865726E+01 3.764973E+01 4.441864E+01
 1.192868E-03 1.736309E-03 2.440367E-03
 2.508947E-03 3.607539E-03 5.067015E-03
 5.376689E-03 7.570109E-03 1.067696E-02
 1.140932E-02 1.584906E-02 2.236451E-02
 2.425028E-02 3.339554E-02 4.659289E-02
 5.144044E-02 7.074585E-02 9.708807E-02
 1.088774E-01 1.495468E-01 2.018862E-01
 2.304673E-01 3.153053E-01 4.178344E-01
 4.902116E-01 6.689181E-01 8.785972E-01
 1.044585E+00 1.403469E+00 1.855260E+00
 2.153509E+00 2.894605E+00 3.819133E+00
 4.355329E+00 5.786052E+00 7.493075E+00
 8.847839E+00 1.136582E+01 1.467236E+01
 1.821154E+01 2.344903E+01 2.786800E+01
 3.214447E+01 4.520123E+01 5.442622E+01
 5.107412E+01 6.370938E+01 8.440321E+01
 3.340510E-03 5.185681E-03 7.725794E-03
 7.052902E-03 1.049188E-02 1.571561E-02
 1.484613E-02 2.162510E-02 3.194956E-02
 3.136950E-02 4.465575E-02 6.464870E-02
 6.522535E-02 9.258494E-02 1.306247E-01
 1.368919E-01 1.928277E-01 2.638160E-01
 2.871485E-01 4.050542E-01 5.347972E-01
 6.080039E-01 8.518169E-01 1.110361E+00
 1.300122E+00 1.783121E+00 2.352098E+00
 2.715440E+00 3.706060E+00 4.902947E+00
 5.569709E+00 7.435870E+00 9.643201E+00
 1.088548E+01 1.429023E+01 1.882401E+01
 2.282353E+01 2.938266E+01 3.583725E+01
 4.278217E+01 5.876374E+01 7.029641E+01
 7.050853E+01 9.550229E+01 1.213842E+02
 8.304584E+01 1.017608E+02 1.345027E+02
 9.207537E-03 1.445899E-02 2.561710E-02
 1.917741E-02 2.874606E-02 4.902766E-02
 3.976406E-02 5.772170E-02 9.400461E-02
 8.047409E-02 1.176114E-01 1.811821E-01
 1.661710E-01 2.407736E-01 3.411951E-01
 3.421753E-01 4.993438E-01 6.670869E-01
 7.259760E-01 1.037915E+00 1.373165E+00
 1.549178E+00 2.120852E+00 2.867755E+00
 3.231485E+00 4.385802E+00 5.981011E+00
 6.677157E+00 8.834666E+00 1.177733E+01
 1.288966E+01 1.726825E+01 2.282490E+01
 2.684902E+01 3.479962E+01 4.418841E+01
 5.406024E+01 7.117765E+01 8.460359E+01
 9.117444E+01 1.297540E+02 1.595027E+02
 1.290958E+02 1.567795E+02 2.184532E+02
 1.093336E+02 1.387949E+02 1.695641E+02
 2.675173E-02 4.350865E-02 8.861052E-02
 5.224779E-02 8.382345E-02 1.501360E-01
 1.024235E-01 1.648983E-01 2.578971E-01
 2.045243E-01 3.274946E-01 4.579711E-01
 4.155092E-01 6.468487E-01 8.519884E-01
 8.703796E-01 1.299197E+00 1.731242E+00
 1.838077E+00 2.554153E+00 3.595408E+00
 3.792295E+00 5.204692E+00 7.310835E+00
 7.733462E+00 1.037682E+01 1.406995E+01
 1.521759E+01 2.033383E+01 2.644408E+01
 2.980712E+01 3.916768E+01 5.098489E+01
 6.203688E+01 8.025289E+01 9.708510E+01
 1.120474E+02 1.578853E+02 1.903194E+02
 1.791849E+02 2.378496E+02 3.101480E+02
 1.894477E+02 2.361033E+02 3.043994E+02
 1.241030E+02 1.599669E+02 2.097770E+02
 7.558174E-02 1.541220E-01 2.809212E-01
 1.417582E-01 2.758421E-01 4.430362E-01
 2.621097E-01 5.017203E-01 7.040219E-01
 5.222974E-01 9.144405E-01 1.282565E+00
 1.067492E+00 1.729296E+00 2.565032E+00
 2.248898E+00 3.204533E+00 5.115619E+00
 4.571875E+00 6.581925E+00 9.623591E+00
 9.289358E+00 1.257705E+01 1.756759E+01
 1.857977E+01 2.470055E+01 3.168666E+01
 3.441169E+01 4.697261E+01 6.186772E+01
 7.246419E+01 9.387753E+01 1.182220E+02
 1.434549E+02 1.918834E+02 2.281377E+02
 2.385142E+02 3.352021E+02 4.182709E+02
 3.121050E+02 3.759867E+02 5.253960E+02
 2.399813E+02 3.048586E+02 3.860007E+02
 1.318347E+02 2.029913E+02 2.687508E+02
 1.904984E-01 4.618727E-01 7.482096E-01
 3.348567E-01 7.473512E-01 1.188568E+00
 6.641192E-01 1.307395E+00 2.190945E+00
 1.357883E+00 2.274495E+00 4.157274E+00
 2.763323E+00 4.144792E+00 7.591696E+00
 5.499829E+00 8.250309E+00 1.286485E+01
 1.088950E+01 1.503520E+01 2.135332E+01
 2.048578E+01 2.750539E+01 3.563890E+01
 3.680072E+01 5.284811E+01 6.886381E+01
 7.610669E+01 1.009386E+02 1.314015E+02
 1.574582E+02 2.038411E+02 2.468683E+02
 2.747850E+02 3.939501E+02 4.783396E+02
 4.332475E+02 5.637023E+02 7.490786E+02
 4.293400E+02 5.399355E+02 6.818558E+02
 2.654190E+02 3.486607E+02 4.615313E+02
 1.342408E+02 2.317356E+02 3.163492E+02
 5.542528E-01 1.435221E+00 4.389513E+00
 1.020650E+00 2.200304E+00 6.055606E+00
 2.020706E+00 3.328469E+00 9.377596E+00
 3.825571E+00 6.243943E+00 1.229040E+01
 7.353552E+00 1.135139E+01 1.792044E+01
 1.337439E+01 1.841879E+01 2.716764E+01
 2.361969E+01 3.190921E+01 4.257512E+01
 4.043523E+01 6.267579E+01 8.121301E+01
 8.108008E+01 1.081779E+02 1.473894E+02
 1.684938E+02 2.129462E+02 2.798154E+02
 3.242957E+02 4.357295E+02 5.213252E+02
 5.451769E+02 7.615570E+02 9.461736E+02
 6.935569E+02 8.381823E+02 1.160648E+03
 5.205139E+02 6.603142E+02 8.457237E+02
 2.786186E+02 4.373542E+02 5.831718E+02
 1.381980E+02 2.481863E+02 3.449279E+02
 1.356468E+00 3.383033E+00 1.480759E+01
 2.558328E+00 5.967740E+00 1.484421E+01
 4.170276E+00 9.982824E+00 1.548303E+01
 7.573246E+00 1.294410E+01 2.448566E+01
 1.275493E+01 1.937058E+01 2.851603E+01
 2.074794E+01 3.028899E+01 4.080715E+01
 3.210717E+01 5.774400E+01 8.299537E+01
 6.597381E+01 9.532923E+01 1.407278E+02
 1.399114E+02 1.954202E+02 2.839607E+02
 2.962314E+02 4.144891E+02 4.400554E+02
 5.366256E+02 8.044389E+02 8.969872E+02
 8.469567E+02 1.121919E+03 1.524571E+03
 8.792435E+02 1.088328E+03 1.422709E+03
 5.608339E+02 7.076435E+02 9.580957E+02
 2.827968E+02 4.850082E+02 6.619362E+02
 1.407552E+02 2.546207E+02 3.564481E+02
 1.990912E+00 7.546055E+00 2.303169E+01
 3.470479E+00 8.067305E+00 2.300264E+01
 6.385380E+00 1.350563E+01 2.293992E+01
 1.235149E+01 1.928005E+01 2.914251E+01
 1.422988E+01 2.421130E+01 3.834716E+01
 2.693091E+01 4.183822E+01 4.632712E+01
 4.936382E+01 7.979415E+01 9.702004E+01
 7.059815E+01 1.119509E+02 1.896863E+02
 1.517509E+02 2.177634E+02 3.613392E+02
 3.210865E+02 4.577277E+02 6.315953E+02
 6.161313E+02 8.836611E+02 1.215134E+03
 9.690437E+02 1.294893E+03 1.770313E+03
 9.536152E+02 1.268147E+03 1.529048E+03
 5.768934E+02 7.560686E+02 9.685996E+02
 2.833860E+02 4.971514E+02 6.825160E+02
 1.415929E+02 2.562952E+02 3.592404E+02
 2.343989E+00 1.232361E+01 2.594964E+01
 4.280458E+00 1.351878E+01 2.595732E+01
 7.489763E+00 1.443235E+01 2.597348E+01
 1.287487E+01 2.216944E+01 3.075503E+01
 1.593807E+01 2.646780E+01 3.913407E+01
 2.719769E+01 4.258045E+01 6.671586E+01
 5.079695E+01 9.014315E+01 9.982080E+01
 1.090577E+02 1.600918E+02 1.913366E+02
 2.338061E+02 2.380050E+02 3.960158E+02
 4.889022E+02 4.803680E+02 6.915965E+02
 6.367711E+02 8.885713E+02 1.270360E+03
 1.010079E+03 1.414903E+03 1.775495E+03
 9.790311E+02 1.273028E+03 1.557883E+03
 5.807264E+02 8.223288E+02 1.068840E+03
 2.836615E+02 5.094834E+02 7.039325E+02
 1.418384E+02 2.574983E+02 3.617199E+02
 4.430464E+00 1.352484E+01 2.878062E+01
 4.541689E+00 1.449722E+01 2.942158E+01
 9.237802E+00 1.731193E+01 2.933260E+01
 1.376148E+01 2.598663E+01 3.095552E+01
 2.367680E+01 2.662011E+01 5.322334E+01
 3.070755E+01 5.224427E+01 9.368718E+01
 5.802019E+01 9.172169E+01 1.379413E+02
 1.245398E+02 1.713607E+02 2.143953E+02
 2.667430E+02 3.678524E+02 4.076576E+02
 5.554087E+02 7.736940E+02 8.402668E+02
 9.244212E+02 1.497556E+03 1.494689E+03
 1.279511E+03 1.419503E+03 1.808461E+03
 1.038457E+03 1.306332E+03 1.569690E+03
 5.915972E+02 8.342834E+02 1.087176E+03
 2.837778E+02 5.116892E+02 7.076357E+02
 1.422516E+02 2.579886E+02 3.623193E+02
 4.549888E+00 1.452733E+01 2.946282E+01
 9.521915E+00 1.929334E+01 3.464753E+01
 1.202830E+01 1.941372E+01 3.845220E+01
 1.614157E+01 2.622493E+01 3.856004E+01
 2.415268E+01 4.766268E+01 6.576689E+01
 3.252039E+01 8.352125E+01 1.148488E+02
 5.859600E+01 9.683923E+01 1.436448E+02
 1.257861E+02 1.935558E+02 3.078133E+02
 2.695146E+02 4.152016E+02 4.086336E+02
 5.621326E+02 8.622484E+02 8.618591E+02
 1.033028E+03 1.507081E+03 1.703905E+03
 1.371837E+03 1.507171E+03 2.571720E+03
 1.065501E+03 1.311090E+03 1.629636E+03
 5.940164E+02 9.031229E+02 1.194995E+03
 2.882776E+02 5.228627E+02 7.273082E+02
 1.424669E+02 2.590360E+02 3.644821E+02
 7.721514E+00 1.950527E+01 3.829732E+01
 1.187510E+01 1.947628E+01 3.834655E+01
 1.298153E+01 2.567879E+01 3.865919E+01
 1.636460E+01 2.743767E+01 3.867524E+01
 2.958600E+01 5.749462E+01 6.612010E+01
 5.102802E+01 1.002881E+02 1.410585E+02
 6.615487E+01 1.125246E+02 2.473728E+02
 1.419833E+02 1.967414E+02 4.395628E+02
 3.039310E+02 4.200231E+02 4.604986E+02
 6.312551E+02 8.704973E+02 9.710831E+02
 1.052557E+03 1.523239E+03 1.899844E+03
 1.421998E+03 1.808895E+03 2.578984E+03
 1.125734E+03 1.419767E+03 1.785242E+03
 5.960950E+02 9.153011E+02 1.214360E+03
 2.891683E+02 5.248223E+02 7.306470E+02
 1.428172E+02 2.594533E+02 3.649949E+02
 1.180368E+01 2.196908E+01 3.872649E+01
 1.303149E+01 2.396848E+01 3.870523E+01
 1.656951E+01 2.610109E+01 4.734516E+01
 1.990881E+01 3.721089E+01 7.465179E+01
 3.298132E+01 5.898843E+01 9.191928E+01
 5.211703E+01 1.004854E+02 1.426721E+02
 1.122429E+02 1.692452E+02 3.024377E+02
 2.405480E+02 2.412279E+02 4.509969E+02
 5.114836E+02 5.136729E+02 6.547047E+02
 7.677520E+02 1.042896E+03 1.325474E+03
 1.163206E+03 1.663664E+03 2.258155E+03
 1.511793E+03 1.961122E+03 2.681095E+03
 1.150900E+03 1.440217E+03 1.950943E+03
 5.967191E+02 9.838717E+02 1.325683E+03
 2.930581E+02 5.345927E+02 7.480626E+02
 1.430001E+02 2.603378E+02 3.668243E+02
 1.305465E+01 2.546506E+01 9.035166E+01
 1.578455E+01 2.553300E+01 9.044237E+01
 2.054588E+01 2.829505E+01 9.063764E+01
 2.307111E+01 3.759635E+01 9.105270E+01
 3.470283E+01 7.989494E+01 1.331080E+02
 6.383885E+01 1.028465E+02 1.429688E+02
 1.374652E+02 1.908714E+02 3.072483E+02
 2.943803E+02 3.766028E+02 5.304071E+02
 6.238000E+02 7.284122E+02 1.130397E+03
 1.031935E+03 1.230846E+03 2.303818E+03
 1.717031E+03 1.774165E+03 3.194047E+03
 1.816230E+03 2.212244E+03 2.769876E+03
 1.168807E+03 1.483746E+03 2.021126E+03
 6.050660E+02 9.956718E+02 1.345143E+03
 2.938074E+02 5.362642E+02 7.509475E+02
 1.432871E+02 2.606808E+02 3.672477E+02
 1.671096E+01 2.601336E+01 1.472895E+02
 1.666607E+01 2.604140E+01 1.471796E+02
 2.276743E+01 3.438131E+01 1.469418E+02
 3.319766E+01 6.684449E+01 1.464300E+02
 4.280154E+01 8.616755E+01 1.453336E+02
 7.487793E+01 1.272797E+02 2.589786E+02
 1.612188E+02 2.214895E+02 4.623119E+02
 3.450808E+02 4.745805E+02 6.425673E+02
 7.296337E+02 1.008401E+03 1.325897E+03
 1.240504E+03 2.029071E+03 2.419286E+03
 1.972348E+03 2.730238E+03 3.890904E+03
 1.939239E+03 2.373811E+03 2.897912E+03
 1.191484E+03 1.582959E+03 2.059742E+03
 6.064646E+02 1.059961E+03 1.453265E+03
 2.970154E+02 5.444015E+02 7.656069E+02
 1.434357E+02 2.613962E+02 3.687293E+02
 2.255313E+01 8.844698E+01 1.652038E+02
 2.262155E+01 8.831661E+01 1.709827E+02
 3.324171E+01 8.803536E+01 1.834833E+02
 4.427491E+01 8.743470E+01 2.103365E+02
 5.166323E+01 1.021365E+02 2.676894E+02
 9.234751E+01 1.722251E+02 3.906146E+02
 1.987832E+02 2.740548E+02 5.053747E+02
 4.249913E+02 5.867026E+02 6.582766E+02
 8.940368E+02 1.241539E+03 1.397981E+03
 1.438168E+03 2.456728E+03 2.808232E+03
 2.230485E+03 3.358134E+03 3.982290E+03
 2.122301E+03 2.635843E+03 3.257291E+03
 1.266552E+03 1.634880E+03 2.098290E+03
 6.093123E+02 1.070587E+03 1.471405E+03
 2.976116E+02 5.457466E+02 7.679535E+02
 1.436593E+02 2.616640E+02 3.690611E+02
 3.336853E+01 1.034624E+02 4.834233E+02
 3.334662E+01 1.033890E+02 4.831694E+02
 3.329926E+01 1.032296E+02 4.826204E+02
 5.191667E+01 1.028846E+02 4.814420E+02
 9.517350E+01 1.364104E+02 4.789288E+02
 2.052540E+02 1.737974E+02 4.735575E+02
 4.409631E+02 3.701109E+02 5.258572E+02
 9.345895E+02 7.864626E+02 1.072801E+03
 1.017033E+03 1.613675E+03 2.092498E+03
 1.726813E+03 2.865803E+03 3.436323E+03
 2.533099E+03 3.532188E+03 4.337761E+03
 2.240648E+03 2.791912E+03 3.456604E+03
 1.279742E+03 1.947211E+03 2.579827E+03
 6.188967E+02 1.125643E+03 1.567029E+03
 3.000759E+02 5.520471E+02 7.794019E+02
 1.437720E+02 2.622051E+02 3.701829E+02
 5.209464E+01 1.778059E+02 5.610966E+02
 5.207296E+01 1.777026E+02 5.603945E+02
 5.202494E+01 1.774792E+02 5.588791E+02
 7.081320E+01 1.769998E+02 5.556386E+02
 1.513720E+02 1.759781E+02 5.487851E+02
 3.253624E+02 2.865034E+02 5.343950E+02
 6.959859E+02 6.058273E+02 6.490674E+02
 1.147574E+03 1.262448E+03 1.172658E+03
 1.893745E+03 2.475829E+03 2.147807E+03
 3.212415E+03 3.963916E+03 3.528794E+03
 3.590360E+03 3.870276E+03 4.642203E+03
 2.443766E+03 3.173126E+03 4.271781E+03
 1.281684E+03 2.003004E+03 2.669071E+03
 6.224036E+02 1.134179E+03 1.582045E+03
 3.005092E+02 5.530332E+02 7.811366E+02
 1.439318E+02 2.623970E+02 3.704213E+02
 5.193172E+02 1.854473E+03 3.907387E+03
 5.406982E+02 1.884003E+03 3.938418E+03
 5.868526E+02 1.947717E+03 4.005363E+03
 6.855498E+02 2.083820E+03 4.148332E+03
 8.942526E+02 2.371023E+03 4.449880E+03
 1.219035E+03 2.970573E+03 5.078923E+03
 1.199627E+03 4.159837E+03 6.326376E+03
 1.456480E+03 6.273740E+03 8.553669E+03
 2.827342E+03 5.735671E+03 1.168649E+04
 4.303148E+03 4.385532E+03 1.246169E+04
 4.135479E+03 4.193530E+03 6.710760E+03
 2.552011E+03 3.555316E+03 4.580524E+03
 1.301100E+03 2.304331E+03 3.169116E+03
 6.387882E+02 1.174757E+03 1.654392E+03
 3.021807E+02 5.573315E+02 7.889965E+02
 1.440076E+02 2.627599E+02 3.711743E+02
 1.231770E+03 7.162995E+03 1.500659E+04
 1.231498E+03 7.159677E+03 1.503626E+04
 1.230899E+03 7.152480E+03 1.510008E+04
 1.229565E+03 7.136920E+03 1.523546E+04
 1.226507E+03 7.103244E+03 1.551692E+04
 1.331562E+03 7.029099E+03 1.608583E+04
 2.203336E+03 6.865073E+03 1.713794E+04
 3.751866E+03 6.502966E+03 1.856107E+04
 5.794504E+03 9.168801E+03 1.638317E+04
 6.713237E+03 1.084885E+04 1.267856E+04
 5.132008E+03 6.633210E+03 8.073760E+03
 2.804685E+03 3.802136E+03 4.954588E+03
 1.307477E+03 2.350726E+03 3.248895E+03
 6.410239E+02 1.180318E+03 1.664395E+03
 3.024437E+02 5.579336E+02 7.900618E+02
 1.441036E+02 2.628753E+02 3.713179E+02
 3.965201E+03 9.386441E+03 2.061330E+04
 3.999196E+03 9.422668E+03 2.060206E+04
 4.072267E+03 9.500561E+03 2.057771E+04
 4.227091E+03 9.665722E+03 2.052532E+04
 4.548102E+03 1.000872E+04 2.041297E+04
 5.193089E+03 1.070045E+04 2.017010E+04
 6.369636E+03 1.197412E+04 1.965052E+04
 8.097612E+03 1.388643E+04 1.873010E+04
 9.497987E+03 1.552534E+04 1.948013E+04
 8.632866E+03 1.277808E+04 1.376963E+04
 5.617007E+03 8.870191E+03 1.178432E+04
 2.841403E+03 5.153659E+03 7.149527E+03
 1.380672E+03 2.545709E+03 3.592807E+03
 6.496048E+02 1.201920E+03 1.703576E+03
 3.032883E+02 5.601130E+02 7.940625E+02
 1.441417E+02 2.630574E+02 3.716959E+02
 4.564261E+04 4.010324E+04 3.345884E+04
 4.552774E+04 4.002474E+04 3.340572E+04
 4.528056E+04 3.985559E+04 3.329117E+04
 4.475546E+04 3.949522E+04 3.304665E+04
 4.366020E+04 3.873899E+04 3.253140E+04
 4.142713E+04 3.717721E+04 3.145803E+04
 3.718936E+04 3.413415E+04 2.932866E+04
 3.014141E+04 2.880845E+04 2.546791E+04
 2.074327E+04 2.105514E+04 2.007277E+04
 1.184488E+04 1.442349E+04 1.873738E+04
 5.934555E+03 9.920478E+03 1.342560E+04
 2.909360E+03 5.317505E+03 7.432957E+03
 1.388105E+03 2.564318E+03 3.626369E+03
 6.503736E+02 1.203854E+03 1.707097E+03
 3.033764E+02 5.603155E+02 7.944218E+02
 1.441737E+02 2.630959E+02 3.717439E+02

Band:   40, gas:    1, k-terms:   32
 2.130558E-06 4.629341E-06 9.508216E-06
 4.579590E-06 9.945121E-06 2.041014E-05
 9.882071E-06 2.144101E-05 4.395330E-05
 2.129529E-05 4.615651E-05 9.435074E-05
 4.577237E-05 9.903683E-05 2.014848E-04
 9.869612E-05 2.129553E-04 4.293088E-04
 2.124328E-04 4.557707E-04 9.052740E-04
 4.559602E-04 9.683130E-04 1.901724E-03
 9.817334E-04 2.064208E-03 4.075828E-03
 2.110320E-03 4.430508E-03 8.772050E-03
 4.529656E-03 9.500270E-03 1.881023E-02
 9.752527E-03 2.037086E-02 4.028031E-02
 2.090604E-02 4.324039E-02 8.528944E-02
 4.459532E-02 9.143831E-02 1.781171E-01
 9.577265E-02 1.954113E-01 3.758770E-01
 2.056041E-01 4.183039E-01 7.987035E-01
 3.888589E-06 1.310508E-05 3.354785E-05
 8.347282E-06 2.807634E-05 7.150397E-05
 1.796571E-05 6.039211E-05 1.530223E-04
 3.849953E-05 1.296817E-04 3.258854E-04
 8.208627E-05 2.770531E-04 6.880521E-04
 1.757275E-04 5.903901E-04 1.452043E-03
 3.766785E-04 1.245958E-03 3.086362E-03
 8.037404E-04 2.633058E-03 6.598674E-03
 1.714241E-03 5.634231E-03 1.416672E-02
 3.665245E-03 1.201174E-02 3.029078E-02
 7.789286E-03 2.507465E-02 6.313027E-02
 1.634260E-02 5.136619E-02 1.301896E-01
 3.406421E-02 1.069595E-01 2.620741E-01
 7.254849E-02 2.281824E-01 5.504628E-01
 1.543225E-01 4.828092E-01 1.161390E+00
 3.236845E-01 9.966520E-01 2.379498E+00
 1.130594E-05 3.597488E-05 7.706674E-05
 2.422191E-05 7.721770E-05 1.650312E-04
 5.196864E-05 1.664054E-04 3.539289E-04
 1.112480E-04 3.574612E-04 7.566357E-04
 2.381782E-04 7.628744E-04 1.610818E-03
 5.107111E-04 1.630204E-03 3.454917E-03
 1.088380E-03 3.491656E-03 7.430223E-03
 2.311344E-03 7.486168E-03 1.596119E-02
 4.967875E-03 1.608699E-02 3.434765E-02
 1.064739E-02 3.428680E-02 7.338304E-02
 2.258613E-02 7.264962E-02 1.563424E-01
 4.795665E-02 1.548739E-01 3.307892E-01
 1.022608E-01 3.310500E-01 7.040794E-01
 2.164855E-01 7.014711E-01 1.488857E+00
 4.574457E-01 1.486977E+00 3.142464E+00
 9.621935E-01 3.149909E+00 6.650041E+00
 2.306712E-05 7.853643E-05 1.800053E-04
 4.934369E-05 1.682545E-04 3.832449E-04
 1.059739E-04 3.609597E-04 8.158701E-04
 2.275078E-04 7.687522E-04 1.730475E-03
 4.863241E-04 1.630991E-03 3.690103E-03
 1.041531E-03 3.490267E-03 7.941032E-03
 2.227597E-03 7.495636E-03 1.704305E-02
 4.780617E-03 1.602246E-02 3.640468E-02
 1.029140E-02 3.426440E-02 7.782178E-02
 2.204523E-02 7.325243E-02 1.658778E-01
 4.704644E-02 1.562406E-01 3.523862E-01
 1.011076E-01 3.351486E-01 7.498987E-01
 2.156596E-01 7.121019E-01 1.595544E+00
 4.524411E-01 1.497477E+00 3.362812E+00
 9.373435E-01 3.090218E+00 6.966503E+00
 1.870487E+00 6.246244E+00 1.411037E+01
 6.252951E-05 2.151346E-04 4.451054E-04
 1.325569E-04 4.567478E-04 9.456213E-04
 2.813099E-04 9.640964E-04 2.016552E-03
 5.924455E-04 2.028570E-03 4.314980E-03
 1.233474E-03 4.305196E-03 9.228576E-03
 2.597010E-03 9.211634E-03 1.971526E-02
 5.545240E-03 1.960407E-02 4.206343E-02
 1.181845E-02 4.173103E-02 8.951968E-02
 2.524909E-02 8.939666E-02 1.913426E-01
 5.385952E-02 1.910258E-01 4.096915E-01
 1.146618E-01 4.072629E-01 8.671065E-01
 2.419099E-01 8.636198E-01 1.846195E+00
 5.047850E-01 1.814893E+00 3.876040E+00
 1.032341E+00 3.698842E+00 7.921112E+00
 2.018254E+00 7.280159E+00 1.558176E+01
 4.155373E+00 1.451739E+01 3.122648E+01
 1.734833E-04 5.015855E-04 1.033653E-03
 3.695482E-04 1.054806E-03 2.177862E-03
 7.909719E-04 2.220900E-03 4.631898E-03
 1.683902E-03 4.711758E-03 9.870120E-03
 3.582644E-03 9.969459E-03 2.073690E-02
 7.657231E-03 2.116662E-02 4.404577E-02
 1.643125E-02 4.522359E-02 9.352538E-02
 3.514284E-02 9.638461E-02 1.983104E-01
 7.537727E-02 2.059028E-01 4.246270E-01
 1.611578E-01 4.399300E-01 8.966079E-01
 3.412484E-01 9.370815E-01 1.899727E+00
 7.246721E-01 1.972721E+00 4.003118E+00
 1.507851E+00 4.060524E+00 8.194177E+00
 2.968538E+00 7.928953E+00 1.569916E+01
 6.018203E+00 1.565634E+01 3.100851E+01
 1.171195E+01 3.166569E+01 6.272387E+01
 4.123688E-04 1.240181E-03 2.594124E-03
 8.688382E-04 2.569481E-03 5.485253E-03
 1.825879E-03 5.427125E-03 1.158069E-02
 3.847779E-03 1.140566E-02 2.413410E-02
 8.164179E-03 2.404414E-02 5.087226E-02
 1.747087E-02 5.127393E-02 1.075488E-01
 3.726301E-02 1.090624E-01 2.272801E-01
 7.927762E-02 2.316785E-01 4.829820E-01
 1.690444E-01 4.940456E-01 1.017793E+00
 3.579458E-01 1.051078E+00 2.154628E+00
 7.538599E-01 2.195066E+00 4.541645E+00
 1.577726E+00 4.579062E+00 9.351107E+00
 3.179796E+00 9.127886E+00 1.847766E+01
 6.241773E+00 1.785157E+01 3.640806E+01
 1.247174E+01 3.686229E+01 7.582868E+01
 2.245227E+01 6.841748E+01 1.419006E+02
 1.112832E-03 3.434220E-03 7.646926E-03
 2.289209E-03 7.098503E-03 1.548741E-02
 4.759359E-03 1.465252E-02 3.162388E-02
 1.004104E-02 3.067378E-02 6.589422E-02
 2.112208E-02 6.466739E-02 1.358699E-01
 4.417061E-02 1.351469E-01 2.835136E-01
 9.304253E-02 2.830272E-01 5.919012E-01
 1.955074E-01 5.882654E-01 1.217369E+00
 4.083703E-01 1.234811E+00 2.541774E+00
 8.611531E-01 2.564824E+00 5.314794E+00
 1.801998E+00 5.288045E+00 1.074919E+01
 3.640831E+00 1.060311E+01 2.144740E+01
 7.040601E+00 2.053422E+01 4.178704E+01
 1.415203E+01 4.222146E+01 8.681891E+01
 2.703662E+01 8.279421E+01 1.718119E+02
 3.841206E+01 1.261692E+02 2.636676E+02
 2.952274E-03 9.818828E-03 2.263436E-02
 6.043164E-03 1.957096E-02 4.510569E-02
 1.250392E-02 3.991273E-02 9.033537E-02
 2.564465E-02 8.138504E-02 1.802098E-01
 5.215903E-02 1.618523E-01 3.606817E-01
 1.085968E-01 3.308988E-01 7.230140E-01
 2.250100E-01 6.703672E-01 1.450207E+00
 4.610290E-01 1.388167E+00 2.925403E+00
 9.821869E-01 2.868731E+00 6.027196E+00
 2.077300E+00 5.898649E+00 1.209544E+01
 4.188150E+00 1.207003E+01 2.443549E+01
 8.152361E+00 2.363115E+01 4.796315E+01
 1.602643E+01 4.727883E+01 9.692118E+01
 3.205863E+01 9.629336E+01 1.985688E+02
 5.137027E+01 1.669013E+02 3.500928E+02
 6.063273E+01 1.852477E+02 4.029765E+02
 8.063643E-03 3.064705E-02 8.187426E-02
 1.601421E-02 5.994756E-02 1.527165E-01
 3.169793E-02 1.146400E-01 2.857958E-01
 6.358745E-02 2.223576E-01 5.396462E-01
 1.299198E-01 4.383910E-01 1.022059E+00
 2.643603E-01 8.536630E-01 1.935195E+00
 5.377795E-01 1.736956E+00 3.784668E+00
 1.145666E+00 3.481169E+00 7.476056E+00
 2.408320E+00 7.208652E+00 1.482947E+01
 4.865575E+00 1.488575E+01 3.007023E+01
 9.749286E+00 2.902996E+01 5.894706E+01
 1.911532E+01 5.673239E+01 1.153624E+02
 3.877711E+01 1.177423E+02 2.408665E+02
 6.972419E+01 2.207708E+02 4.580058E+02
 8.972937E+01 2.967372E+02 6.223929E+02
 8.077546E+01 2.428287E+02 5.877650E+02
 2.305349E-02 9.338374E-02 2.669420E-01
 4.236333E-02 1.646556E-01 4.571946E-01
 8.178356E-02 3.093682E-01 8.061445E-01
 1.604404E-01 5.603464E-01 1.435304E+00
 3.111810E-01 1.041800E+00 2.555792E+00
 6.158801E-01 2.062628E+00 4.853291E+00
 1.299579E+00 4.066879E+00 9.141941E+00
 2.694761E+00 8.395754E+00 1.813364E+01
 5.383850E+00 1.732081E+01 3.673562E+01
 1.089820E+01 3.401641E+01 7.327030E+01
 2.135667E+01 6.753383E+01 1.433513E+02
 4.270266E+01 1.385146E+02 2.969407E+02
 8.337617E+01 2.773328E+02 5.967882E+02
 1.201067E+02 4.462873E+02 9.646293E+02
 1.352388E+02 4.246860E+02 9.863353E+02
 9.778287E+01 3.243542E+02 7.372145E+02
 6.299823E-02 2.877270E-01 9.043402E-01
 1.156138E-01 4.591781E-01 1.343342E+00
 2.114257E-01 7.379430E-01 2.081324E+00
 3.805605E-01 1.325593E+00 3.342135E+00
 7.214638E-01 2.434488E+00 5.845446E+00
 1.510455E+00 4.638796E+00 1.035428E+01
 3.098350E+00 9.464432E+00 2.039337E+01
 5.986785E+00 1.909843E+01 4.043185E+01
 1.217305E+01 3.689066E+01 8.068906E+01
 2.426226E+01 7.462765E+01 1.575804E+02
 4.733487E+01 1.471655E+02 3.151858E+02
 9.578755E+01 3.045803E+02 6.567309E+02
 1.639428E+02 5.533296E+02 1.214984E+03
 2.054152E+02 6.818035E+02 1.550622E+03
 1.771712E+02 5.513377E+02 1.355402E+03
 1.079867E+02 3.758549E+02 1.087430E+03
 1.752497E-01 6.684608E-01 2.166061E+00
 2.795909E-01 1.062610E+00 3.025879E+00
 4.551724E-01 1.811536E+00 4.803352E+00
 8.484872E-01 2.962602E+00 7.495508E+00
 1.792355E+00 5.516066E+00 1.227122E+01
 3.586468E+00 1.116739E+01 2.450709E+01
 6.468035E+00 2.150719E+01 4.643665E+01
 1.287808E+01 3.964707E+01 9.043961E+01
 2.641685E+01 8.070488E+01 1.688312E+02
 5.127853E+01 1.565887E+02 3.276189E+02
 1.028314E+02 3.209865E+02 6.817529E+02
 1.969293E+02 6.335775E+02 1.360852E+03
 2.721744E+02 9.805253E+02 2.158307E+03
 2.987650E+02 8.900350E+02 2.166137E+03
 2.116544E+02 6.898461E+02 1.635873E+03
 1.123533E+02 4.643125E+02 1.439603E+03
 4.348035E-01 1.726851E+00 5.393355E+00
 6.488966E-01 2.471898E+00 6.975877E+00
 1.199841E+00 3.912040E+00 9.710711E+00
 2.337325E+00 7.161404E+00 1.651011E+01
 4.190077E+00 1.371646E+01 3.003007E+01
 6.910594E+00 2.504100E+01 5.491105E+01
 1.355183E+01 4.443854E+01 1.013665E+02
 2.805632E+01 8.675275E+01 1.811627E+02
 5.323588E+01 1.665210E+02 3.452468E+02
 1.037298E+02 3.234142E+02 6.865685E+02
 2.068862E+02 6.655144E+02 1.419675E+03
 3.557474E+02 1.204969E+03 2.589757E+03
 4.437594E+02 1.425767E+03 3.185217E+03
 3.817863E+02 1.119335E+03 2.679470E+03
 2.298527E+02 7.681684E+02 2.137224E+03
 1.137736E+02 5.200541E+02 1.615424E+03
 2.280629E+00 9.940604E+00 2.883866E+01
 3.294914E+00 1.238496E+01 3.159689E+01
 4.543504E+00 1.659608E+01 3.879640E+01
 6.273149E+00 2.341011E+01 5.190887E+01
 9.505143E+00 3.444506E+01 8.200050E+01
 1.924509E+01 5.670403E+01 1.277895E+02
 3.582094E+01 1.043066E+02 2.119098E+02
 6.087548E+01 1.947630E+02 3.913320E+02
 1.219946E+02 3.574990E+02 7.528557E+02
 2.434577E+02 7.384273E+02 1.589570E+03
 4.630793E+02 1.414765E+03 3.150635E+03
 6.026396E+02 2.170407E+03 4.843417E+03
 6.489094E+02 1.936251E+03 4.551849E+03
 4.566351E+02 1.460613E+03 3.290374E+03
 2.390235E+02 9.153463E+02 2.842208E+03
 1.170202E+02 6.803998E+02 2.061571E+03
 4.940628E+00 2.709337E+01 9.992984E+01
 5.841418E+00 3.028637E+01 1.037889E+02
 6.320039E+00 3.603760E+01 1.157296E+02
 9.064164E+00 3.599132E+01 1.317403E+02
 1.911472E+01 5.650318E+01 1.309149E+02
 3.590750E+01 9.132676E+01 1.933474E+02
 6.188192E+01 1.786574E+02 3.676316E+02
 1.237465E+02 3.205334E+02 6.727742E+02
 2.014219E+02 5.891585E+02 1.440622E+03
 3.787526E+02 1.210447E+03 2.996721E+03
 6.879454E+02 2.235742E+03 5.090295E+03
 9.185188E+02 2.738874E+03 6.080903E+03
 7.586770E+02 2.173864E+03 5.576234E+03
 4.889827E+02 1.596908E+03 3.908575E+03
 2.413723E+02 9.876100E+02 3.112940E+03
 1.320174E+02 8.090984E+02 2.460144E+03
 5.791212E+00 3.426461E+01 1.182839E+02
 6.790455E+00 3.427361E+01 1.181946E+02
 9.455530E+00 4.003872E+01 1.372717E+02
 1.397662E+01 8.030138E+01 1.539507E+02
 2.095427E+01 8.004761E+01 2.181410E+02
 3.893436E+01 1.253068E+02 2.421474E+02
 6.814433E+01 2.047679E+02 4.652798E+02
 1.432020E+02 3.626991E+02 7.816738E+02
 2.653967E+02 7.802232E+02 1.670437E+03
 5.493178E+02 1.657422E+03 3.253533E+03
 8.044235E+02 3.239115E+03 5.379683E+03
 9.749780E+02 2.866137E+03 6.772864E+03
 8.499893E+02 2.462449E+03 5.761009E+03
 4.901132E+02 1.641240E+03 4.251990E+03
 2.421400E+02 9.978127E+02 3.147116E+03
 1.377823E+02 8.455397E+02 2.573544E+03
 5.900659E+00 3.797014E+01 1.480469E+02
 7.334313E+00 3.793944E+01 1.479742E+02
 1.028891E+01 5.384517E+01 1.478163E+02
 1.454099E+01 8.462784E+01 2.188566E+02
 2.187821E+01 1.257507E+02 2.751437E+02
 4.018611E+01 1.432997E+02 3.728302E+02
 7.537030E+01 2.186802E+02 5.201028E+02
 1.519368E+02 4.055664E+02 7.933449E+02
 3.024369E+02 8.671060E+02 1.676939E+03
 5.814133E+02 1.791441E+03 3.397119E+03
 8.223326E+02 3.348825E+03 5.746558E+03
 9.924590E+02 3.339381E+03 7.244096E+03
 8.559609E+02 2.487255E+03 5.830063E+03
 5.008814E+02 1.643767E+03 4.570177E+03
 2.424376E+02 1.058837E+03 3.193472E+03
 1.431482E+02 8.794712E+02 2.679281E+03
 6.793617E+00 8.048311E+01 1.941528E+02
 8.574769E+00 8.046075E+01 1.987095E+02
 1.154190E+01 8.041146E+01 2.085702E+02
 2.037781E+01 1.079620E+02 2.283277E+02
 2.757692E+01 1.741053E+02 3.127473E+02
 4.233432E+01 2.274084E+02 4.820555E+02
 7.995187E+01 3.084060E+02 5.389433E+02
 1.714360E+02 4.392840E+02 1.012604E+03
 3.076072E+02 9.384238E+02 1.879530E+03
 6.203104E+02 1.931860E+03 3.522167E+03
 8.883997E+02 3.441570E+03 6.811889E+03
 1.005049E+03 3.351349E+03 7.542535E+03
 8.604106E+02 2.525348E+03 5.846811E+03
 5.065626E+02 1.659174E+03 4.988326E+03
 2.424973E+02 1.120918E+03 3.383380E+03
 1.461593E+02 8.986164E+02 2.739093E+03
 7.782882E+00 8.607666E+01 2.194035E+02
 8.986263E+00 9.101956E+01 2.193343E+02
 1.579133E+01 1.017201E+02 2.191838E+02
 2.751312E+01 1.247454E+02 2.297717E+02
 4.380883E+01 1.802628E+02 4.234129E+02
 4.741784E+01 2.807780E+02 5.683101E+02
 8.655324E+01 4.007602E+02 5.804348E+02
 1.855480E+02 6.589930E+02 1.115626E+03
 3.654172E+02 1.383278E+03 2.397277E+03
 7.449872E+02 2.654876E+03 5.083726E+03
 9.993911E+02 3.448599E+03 8.244998E+03
 1.262367E+03 3.466770E+03 8.145187E+03
 9.362227E+02 2.981319E+03 6.467137E+03
 5.076996E+02 1.727406E+03 5.196658E+03
 2.425328E+02 1.239336E+03 3.746367E+03
 1.513763E+02 9.317253E+02 2.842564E+03
 9.501718E+00 1.111752E+02 3.695773E+02
 1.014658E+01 1.223503E+02 3.836301E+02
 1.912000E+01 1.259749E+02 4.140188E+02
 3.399493E+01 1.259107E+02 4.792528E+02
 4.709657E+01 2.239877E+02 4.901338E+02
 6.256261E+01 3.804078E+02 6.559468E+02
 9.117637E+01 5.093803E+02 1.390360E+03
 1.885432E+02 9.931636E+02 2.764702E+03
 3.950778E+02 1.748346E+03 4.932184E+03
 8.018051E+02 2.809796E+03 7.561934E+03
 1.138975E+03 3.876178E+03 1.023053E+04
 1.303329E+03 4.047039E+03 8.957369E+03
 9.804352E+02 3.017630E+03 6.749782E+03
 5.083442E+02 1.764885E+03 5.533956E+03
 2.427882E+02 1.312234E+03 3.970374E+03
 1.542586E+02 9.501095E+02 2.900154E+03
 1.881684E+01 1.260146E+02 4.969240E+02
 2.570399E+01 1.260024E+02 4.965397E+02
 2.747706E+01 1.465262E+02 4.957090E+02
 4.093174E+01 1.984687E+02 4.939273E+02
 6.379753E+01 2.316086E+02 5.827993E+02
 9.451211E+01 3.849197E+02 8.442982E+02
 2.033576E+02 5.837878E+02 1.535094E+03
 1.954224E+02 9.943620E+02 2.932845E+03
 4.157488E+02 2.011869E+03 6.011655E+03
 8.407386E+02 3.802687E+03 9.512072E+03
 1.284351E+03 5.053680E+03 1.146509E+04
 1.451293E+03 4.103841E+03 9.372069E+03
 9.896438E+02 3.094750E+03 6.808137E+03
 5.156844E+02 1.879307E+03 5.854985E+03
 2.428570E+02 1.449368E+03 4.392799E+03
 1.591574E+02 9.813050E+02 2.997914E+03
 2.744797E+01 1.783183E+02 5.951571E+02
 2.745745E+01 1.835886E+02 5.944533E+02
 4.061025E+01 1.949936E+02 5.929338E+02
 4.690472E+01 2.195142E+02 5.896829E+02
 7.304147E+01 2.719835E+02 6.183664E+02
 1.574915E+02 3.870817E+02 9.154955E+02
 2.208948E+02 6.247512E+02 1.741173E+03
 4.339592E+02 1.122830E+03 3.605133E+03
 9.053094E+02 2.114145E+03 6.260624E+03
 1.153338E+03 4.000449E+03 1.091378E+04
 1.361293E+03 5.641034E+03 1.334010E+04
 1.495475E+03 4.193908E+03 1.027213E+04
 9.948184E+02 3.199516E+03 7.180078E+03
 5.181573E+02 1.943754E+03 5.914970E+03
 2.503784E+02 1.532295E+03 4.648951E+03
 1.618077E+02 9.982599E+02 3.051164E+03
 4.672905E+01 2.022166E+02 7.608355E+02
 4.675265E+01 2.067950E+02 7.767468E+02
 4.680257E+01 2.166970E+02 8.111868E+02
 6.437351E+01 2.335798E+02 8.852708E+02
 8.771140E+01 2.833322E+02 1.043977E+03
 1.888411E+02 4.271083E+02 1.386459E+03
 3.383595E+02 8.301128E+02 2.118130E+03
 7.176162E+02 1.761333E+03 3.660459E+03
 1.284914E+03 3.610449E+03 6.855533E+03
 1.189051E+03 5.858140E+03 1.233048E+04
 1.411218E+03 5.882786E+03 1.449538E+04
 1.521561E+03 4.641481E+03 1.146654E+04
 1.057520E+03 3.388483E+03 7.613019E+03
 5.187515E+02 1.988352E+03 6.274462E+03
 2.746033E+02 1.684491E+03 5.120362E+03
 1.661982E+02 1.026306E+03 3.139276E+03
 6.482654E+01 2.351362E+02 1.297956E+03
 6.476855E+01 2.349367E+02 1.314734E+03
 6.464308E+01 2.345053E+02 1.351033E+03
 7.266828E+01 2.379592E+02 1.429031E+03
 1.412967E+02 3.094392E+02 1.595732E+03
 2.389202E+02 4.746612E+02 1.953632E+03
 4.050670E+02 1.010197E+03 2.612106E+03
 8.554934E+02 2.046572E+03 3.909161E+03
 1.459709E+03 3.813037E+03 7.225659E+03
 1.695110E+03 6.439490E+03 1.260565E+04
 2.238999E+03 6.114686E+03 1.553473E+04
 1.566686E+03 5.714398E+03 1.191397E+04
 1.057992E+03 3.411773E+03 9.635159E+03
 5.196112E+02 2.036068E+03 6.434669E+03
 2.887480E+02 1.773694E+03 5.397479E+03
 1.685048E+02 1.041102E+03 3.185852E+03
 2.559254E+02 4.515372E+02 1.384808E+03
 2.554734E+02 4.508928E+02 1.399653E+03
 2.544987E+02 4.495022E+02 1.431749E+03
 2.524185E+02 4.465303E+02 1.500618E+03
 2.480371E+02 4.402529E+02 1.647368E+03
 2.890059E+02 5.473200E+02 1.960374E+03
 6.012675E+02 1.046637E+03 2.709681E+03
 1.232087E+03 2.126775E+03 4.263664E+03
 1.468830E+03 4.288793E+03 7.299156E+03
 2.516037E+03 7.348368E+03 1.295976E+04
 2.312090E+03 7.138373E+03 1.577600E+04
 1.890433E+03 5.717371E+03 1.230476E+04
 1.080877E+03 3.558378E+03 9.641578E+03
 5.221434E+02 2.405972E+03 7.266670E+03
 3.135500E+02 1.930641E+03 5.886449E+03
 1.721892E+02 1.064701E+03 3.260159E+03
 1.168844E+03 9.386181E+03 3.265725E+04
 1.169782E+03 9.388279E+03 3.264165E+04
 1.171794E+03 9.392760E+03 3.260790E+04
 1.176051E+03 9.402125E+03 3.253540E+04
 1.184839E+03 9.420952E+03 3.238056E+04
 1.202238E+03 9.455350E+03 3.204857E+04
 1.233300E+03 9.506743E+03 3.134902E+04
 1.274669E+03 9.523489E+03 2.991584E+04
 1.715493E+03 9.023294E+03 2.710994E+04
 2.845949E+03 7.366491E+03 2.224751E+04
 2.917094E+03 8.095588E+03 1.765317E+04
 2.055956E+03 6.205784E+03 1.527793E+04
 1.086445E+03 3.786537E+03 1.188590E+04
 5.223420E+02 2.721611E+03 8.234654E+03
 3.272747E+02 2.017814E+03 6.158841E+03
 1.740410E+02 1.076606E+03 3.297710E+03
 1.768280E+03 1.090917E+04 3.339654E+04
 1.767495E+03 1.090395E+04 3.339366E+04
 1.765796E+03 1.089265E+04 3.339089E+04
 1.762138E+03 1.086837E+04 3.338443E+04
 1.754295E+03 1.081648E+04 3.336837E+04
 1.737346E+03 1.070502E+04 3.332367E+04
 1.701064E+03 1.046932E+04 3.318517E+04
 1.624626E+03 9.983364E+03 3.272647E+04
 2.341162E+03 9.265929E+03 3.103607E+04
 3.061623E+03 8.163553E+03 2.245890E+04
 3.110535E+03 8.729228E+03 1.979004E+04
 2.099500E+03 6.374259E+03 1.735243E+04
 1.094375E+03 4.101055E+03 1.238276E+04
 5.493691E+02 3.366004E+03 1.021985E+04
 3.496563E+02 2.160424E+03 6.605640E+03
 1.768326E+02 1.094526E+03 3.354232E+03
 3.700303E+03 2.460579E+04 4.271907E+04
 3.700280E+03 2.460097E+04 4.268443E+04
 3.700219E+03 2.459048E+04 4.260952E+04
 3.699828E+03 2.456777E+04 4.244867E+04
 3.699173E+03 2.451843E+04 4.210544E+04
 3.696578E+03 2.440877E+04 4.137125E+04
 3.685970E+03 2.416089E+04 3.983419E+04
 3.643899E+03 2.358547E+04 3.674594E+04
 3.492420E+03 2.222069E+04 3.123648E+04
 3.521326E+03 1.629801E+04 2.722578E+04
 3.433866E+03 9.331277E+03 2.227729E+04
 2.163604E+03 7.604232E+03 1.778105E+04
 1.118852E+03 4.224039E+03 1.331943E+04
 6.139796E+02 3.771966E+03 1.147692E+04
 3.609035E+02 2.232318E+03 6.831463E+03
 1.781304E+02 1.102884E+03 3.380634E+03
 1.047339E+04 3.285998E+04 7.737187E+04
 1.046974E+04 3.283307E+04 7.735035E+04
 1.046183E+04 3.277482E+04 7.730375E+04
 1.044483E+04 3.264944E+04 7.720331E+04
 1.040843E+04 3.238064E+04 7.698733E+04
 1.032995E+04 3.180028E+04 7.651759E+04
 1.016265E+04 3.056557E+04 7.549835E+04
 9.811833E+03 2.803079E+04 7.328964E+04
 9.093880E+03 2.328127E+04 6.852296E+04
 7.752281E+03 1.922990E+04 5.761397E+04
 4.882862E+03 1.411267E+04 3.133607E+04
 2.381521E+03 8.337050E+03 2.605765E+04
 1.121051E+03 6.475597E+03 1.965952E+04
 7.260757E+02 4.480661E+03 1.368269E+04
 3.768575E+02 2.334540E+03 7.153186E+03
 1.798742E+02 1.114095E+03 3.416040E+03
 1.902233E+04 6.212759E+04 1.496779E+05
 1.900925E+04 6.210501E+04 1.494504E+05
 1.898079E+04 6.205615E+04 1.489597E+05
 1.891889E+04 6.195114E+04 1.479119E+05
 1.878334E+04 6.172657E+04 1.457026E+05
 1.847890E+04 6.124376E+04 1.410938E+05
 1.778862E+04 6.022032E+04 1.319239E+05
 1.625767E+04 5.809678E+04 1.151980E+05
 1.323853E+04 4.928614E+04 8.895721E+04
 8.887468E+03 3.026924E+04 5.900106E+04
 5.075927E+03 1.584467E+04 4.352880E+04
 2.403736E+03 9.631267E+03 2.938792E+04
 1.342368E+03 8.251930E+03 2.512099E+04
 7.800251E+02 4.823768E+03 1.475501E+04
 3.832922E+02 2.375858E+03 7.283449E+03
 1.805434E+02 1.118409E+03 3.429679E+03
 3.764114E+04 9.183127E+04 1.812296E+05
 3.754884E+04 9.165830E+04 1.811644E+05
 3.735021E+04 9.128554E+04 1.810235E+05
 3.692819E+04 9.049118E+04 1.807207E+05
 3.604770E+04 8.882315E+04 1.800734E+05
 3.425137E+04 8.537374E+04 1.786827E+05
 3.083685E+04 7.863337E+04 1.757394E+05
 2.513467E+04 6.676597E+04 1.696502E+05
 1.745879E+04 5.382581E+04 1.574600E+05
 1.007056E+04 4.601073E+04 1.352553E+05
 5.690453E+03 3.412784E+04 1.014087E+05
 3.414037E+03 2.081926E+04 6.281559E+04
 1.746837E+03 1.077934E+04 3.288714E+04
 8.343194E+02 5.170247E+03 1.584074E+04
 3.891224E+02 2.413331E+03 7.401693E+03
 1.811366E+02 1.122226E+03 3.441742E+03

Band:   79, gas:    8, k-terms:    1
 1.223524E+01 1.160409E+01 1.086758E+01
 1.223524E+01 1.160409E+01 1.086758E+01
 1.223524E+01 1.160409E+01 1.086758E+01
 1.223524E+01 1.160409E+01 1.086758E+01
 1.223524E+01 1.160409E+01 1.086758E+01
 1.223524E+01 1.160409E+01 1.086758E+01
 1.223524E+01 1.160409E+01 1.086758E+01
 1.223524E+01 1.160409E+01 1.086758E+01
 1.223524E+01 1.160409E+01 1.086758E+01
 1.223524E+01 1.160409E+01 1.086758E+01
 1.223524E+01 1.160409E+01 1.086758E+01
 1.223524E+01 1.160409E+01 1.086758E+01
 1.223524E+01 1.160409E+01 1.086758E+01
 1.223524E+01 1.160409E+01 1.086758E+01
 1.223524E+01 1.160409E+01 1.086758E+01
 1.223524E+01 1.160409E+01 1.086758E+01

Band:   80, gas:    8, k-terms:    1
 2.417378E+01 2.508310E+01 2.893354E+01
 2.417378E+01 2.508310E+01 2.893354E+01
 2.417378E+01 2.508310E+01 2.893354E+01
 2.417378E+01 2.508310E+01 2.893354E+01
 2.417378E+01 2.508310E+01 2.893354E+01
 2.417378E+01 2.508310E+01 2.893354E+01
 2.417378E+01 2.508310E+01 2.893354E+01
 2.417378E+01 2.508310E+01 2.893354E+01
 2.417378E+01 2.508310E+01 2.893354E+01
 2.417378E+01 2.508310E+01 2.893354E+01
 2.417378E+01 2.508310E+01 2.893354E+01
 2.417378E+01 2.508310E+01 2.893354E+01
 2.417378E+01 2.508310E+01 2.893354E+01
 2.417378E+01 2.508310E+01 2.893354E+01
 2.417378E+01 2.508310E+01 2.893354E+01
 2.417378E+01 2.508310E+01 2.893354E+01

Band:   81, gas:    8, k-terms:    1
 1.331423E+02 1.386606E+02 1.672260E+02
 1.331423E+02 1.386606E+02 1.672260E+02
 1.331423E+02 1.386606E+02 1.672260E+02
 1.331423E+02 1.386606E+02 1.672260E+02
 1.331423E+02 1.386606E+02 1.672260E+02
 1.331423E+02 1.386606E+02 1.672260E+02
 1.331423E+02 1.386606E+02 1.672260E+02
 1.331423E+02 1.386606E+02 1.672260E+02
 1.331423E+02 1.386606E+02 1.672260E+02
 1.331423E+02 1.386606E+02 1.672260E+02
 1.331423E+02 1.386606E+02 1.672260E+02
 1.331423E+02 1.386606E+02 1.672260E+02
 1.331423E+02 1.386606E+02 1.672260E+02
 1.331423E+02 1.386606E+02 1.672260E+02
 1.331423E+02 1.386606E+02 1.672260E+02
 1.331423E+02 1.386606E+02 1.672260E+02

Band:   82, gas:    8, k-terms:    1
 5.857278E+02 4.418249E+02 4.021500E+02
 5.857278E+02 4.418249E+02 4.021500E+02
 5.857278E+02 4.418249E+02 4.021500E+02
 5.857278E+02 4.418249E+02 4.021500E+02
 5.857278E+02 4.418249E+02 4.021500E+02
 5.857278E+02 4.418249E+02 4.021500E+02
 5.857278E+02 4.418249E+02 4.021500E+02
 5.857278E+02 4.418249E+02 4.021500E+02
 5.857278E+02 4.418249E+02 4.021500E+02
 5.857278E+02 4.418249E+02 4.021500E+02
 5.857278E+02 4.418249E+02 4.021500E+02
 5.857278E+02 4.418249E+02 4.021500E+02
 5.857278E+02 4.418249E+02 4.021500E+02
 5.857278E+02 4.418249E+02 4.021500E+02
 5.857278E+02 4.418249E+02 4.021500E+02
 5.857278E+02 4.418249E+02 4.021500E+02

Band:   83, gas:    8, k-terms:    1
 3.293363E+02 2.465249E+02 2.081697E+02
 3.293363E+02 2.465249E+02 2.081697E+02
 3.293363E+02 2.465249E+02 2.081697E+02
 3.293363E+02 2.465249E+02 2.081697E+02
 3.293363E+02 2.465249E+02 2.081697E+02
 3.293363E+02 2.465249E+02 2.081697E+02
 3.293363E+02 2.465249E+02 2.081697E+02
 3.293363E+02 2.465249E+02 2.081697E+02
 3.293363E+02 2.465249E+02 2.081697E+02
 3.293363E+02 2.465249E+02 2.081697E+02
 3.293363E+02 2.465249E+02 2.081697E+02
 3.293363E+02 2.465249E+02 2.081697E+02
 3.293363E+02 2.465249E+02 2.081697E+02
 3.293363E+02 2.465249E+02 2.081697E+02
 3.293363E+02 2.465249E+02 2.081697E+02
 3.293363E+02 2.465249E+02 2.081697E+02

Band:   84, gas:    8, k-terms:    1
 2.254337E+01 2.357062E+01 2.592959E+01
 2.254337E+01 2.357062E+01 2.592959E+01
 2.254337E+01 2.357062E+01 2.592959E+01
 2.254337E+01 2.357062E+01 2.592959E+01
 2.254337E+01 2.357062E+01 2.592959E+01
 2.254337E+01 2.357062E+01 2.592959E+01
 2.254337E+01 2.357062E+01 2.592959E+01
 2.254337E+01 2.357062E+01 2.592959E+01
 2.254337E+01 2.357062E+01 2.592959E+01
 2.254337E+01 2.357062E+01 2.592959E+01
 2.254337E+01 2.357062E+01 2.592959E+01
 2.254337E+01 2.357062E+01 2.592959E+01
 2.254337E+01 2.357062E+01 2.592959E+01
 2.254337E+01 2.357062E+01 2.592959E+01
 2.254337E+01 2.357062E+01 2.592959E+01
 2.254337E+01 2.357062E+01 2.592959E+01

Band:   85, gas:    8, k-terms:    1
 1.893283E+01 1.949574E+01 1.937622E+01
 1.893283E+01 1.949574E+01 1.937622E+01
 1.893283E+01 1.949574E+01 1.937622E+01
 1.893283E+01 1.949574E+01 1.937622E+01
 1.893283E+01 1.949574E+01 1.937622E+01
 1.893283E+01 1.949574E+01 1.937622E+01
 1.893283E+01 1.949574E+01 1.937622E+01
 1.893283E+01 1.949574E+01 1.937622E+01
 1.893283E+01 1.949574E+01 1.937622E+01
 1.893283E+01 1.949574E+01 1.937622E+01
 1.893283E+01 1.949574E+01 1.937622E+01
 1.893283E+01 1.949574E+01 1.937622E+01
 1.893283E+01 1.949574E+01 1.937622E+01
 1.893283E+01 1.949574E+01 1.937622E+01
 1.893283E+01 1.949574E+01 1.937622E+01
 1.893283E+01 1.949574E+01 1.937622E+01

Band:   86, gas:    8, k-terms:    1
 2.123044E+01 2.032733E+01 1.952191E+01
 2.123044E+01 2.032733E+01 1.952191E+01
 2.123044E+01 2.032733E+01 1.952191E+01
 2.123044E+01 2.032733E+01 1.952191E+01
 2.123044E+01 2.032733E+01 1.952191E+01
 2.123044E+01 2.032733E+01 1.952191E+01
 2.123044E+01 2.032733E+01 1.952191E+01
 2.123044E+01 2.032733E+01 1.952191E+01
 2.123044E+01 2.032733E+01 1.952191E+01
 2.123044E+01 2.032733E+01 1.952191E+01
 2.123044E+01 2.032733E+01 1.952191E+01
 2.123044E+01 2.032733E+01 1.952191E+01
 2.123044E+01 2.032733E+01 1.952191E+01
 2.123044E+01 2.032733E+01 1.952191E+01
 2.123044E+01 2.032733E+01 1.952191E+01
 2.123044E+01 2.032733E+01 1.952191E+01

Band:   87, gas:    8, k-terms:    1
 2.621073E+01 2.666368E+01 2.857920E+01
 2.621073E+01 2.666368E+01 2.857920E+01
 2.621073E+01 2.666368E+01 2.857920E+01
 2.621073E+01 2.666368E+01 2.857920E+01
 2.621073E+01 2.666368E+01 2.857920E+01
 2.621073E+01 2.666368E+01 2.857920E+01
 2.621073E+01 2.666368E+01 2.857920E+01
 2.621073E+01 2.666368E+01 2.857920E+01
 2.621073E+01 2.666368E+01 2.857920E+01
 2.621073E+01 2.666368E+01 2.857920E+01
 2.621073E+01 2.666368E+01 2.857920E+01
 2.621073E+01 2.666368E+01 2.857920E+01
 2.621073E+01 2.666368E+01 2.857920E+01
 2.621073E+01 2.666368E+01 2.857920E+01
 2.621073E+01 2.666368E+01 2.857920E+01
 2.621073E+01 2.666368E+01 2.857920E+01

Band:   88, gas:    8, k-terms:    1
 6.197645E+01 5.780570E+01 6.031302E+01
 6.197645E+01 5.780570E+01 6.031302E+01
 6.197645E+01 5.780570E+01 6.031302E+01
 6.197645E+01 5.780570E+01 6.031302E+01
 6.197645E+01 5.780570E+01 6.031302E+01
 6.197645E+01 5.780570E+01 6.031302E+01
 6.197645E+01 5.780570E+01 6.031302E+01
 6.197645E+01 5.780570E+01 6.031302E+01
 6.197645E+01 5.780570E+01 6.031302E+01
 6.197645E+01 5.780570E+01 6.031302E+01
 6.197645E+01 5.780570E+01 6.031302E+01
 6.197645E+01 5.780570E+01 6.031302E+01
 6.197645E+01 5.780570E+01 6.031302E+01
 6.197645E+01 5.780570E+01 6.031302E+01
 6.197645E+01 5.780570E+01 6.031302E+01
 6.197645E+01 5.780570E+01 6.031302E+01

Band:   89, gas:    8, k-terms:    1
 1.040755E+02 9.235859E+01 9.382206E+01
 1.040755E+02 9.235859E+01 9.382206E+01
 1.040755E+02 9.235859E+01 9.382206E+01
 1.040755E+02 9.235859E+01 9.382206E+01
 1.040755E+02 9.235859E+01 9.382206E+01
 1.040755E+02 9.235859E+01 9.382206E+01
 1.040755E+02 9.235859E+01 9.382206E+01
 1.040755E+02 9.235859E+01 9.382206E+01
 1.040755E+02 9.235859E+01 9.382206E+01
 1.040755E+02 9.235859E+01 9.382206E+01
 1.040755E+02 9.235859E+01 9.382206E+01
 1.040755E+02 9.235859E+01 9.382206E+01
 1.040755E+02 9.235859E+01 9.382206E+01
 1.040755E+02 9.235859E+01 9.382206E+01
 1.040755E+02 9.235859E+01 9.382206E+01
 1.040755E+02 9.235859E+01 9.382206E+01

Band:   90, gas:    8, k-terms:    1
 1.125943E+02 1.092882E+02 1.253256E+02
 1.125943E+02 1.092882E+02 1.253256E+02
 1.125943E+02 1.092882E+02 1.253256E+02
 1.125943E+02 1.092882E+02 1.253256E+02
 1.125943E+02 1.092882E+02 1.253256E+02
 1.125943E+02 1.092882E+02 1.253256E+02
 1.125943E+02 1.092882E+02 1.253256E+02
 1.125943E+02 1.092882E+02 1.253256E+02
 1.125943E+02 1.092882E+02 1.253256E+02
 1.125943E+02 1.092882E+02 1.253256E+02
 1.125943E+02 1.092882E+02 1.253256E+02
 1.125943E+02 1.092882E+02 1.253256E+02
 1.125943E+02 1.092882E+02 1.253256E+02
 1.125943E+02 1.092882E+02 1.253256E+02
 1.125943E+02 1.092882E+02 1.253256E+02
 1.125943E+02 1.092882E+02 1.253256E+02

Band:   91, gas:    8, k-terms:    1
 3.145129E+02 2.629837E+02 2.528959E+02
 3.145129E+02 2.629837E+02 2.528959E+02
 3.145129E+02 2.629837E+02 2.528959E+02
 3.145129E+02 2.629837E+02 2.528959E+02
 3.145129E+02 2.629837E+02 2.528959E+02
 3.145129E+02 2.629837E+02 2.528959E+02
 3.145129E+02 2.629837E+02 2.528959E+02
 3.145129E+02 2.629837E+02 2.528959E+02
 3.145129E+02 2.629837E+02 2.528959E+02
 3.145129E+02 2.629837E+02 2.528959E+02
 3.145129E+02 2.629837E+02 2.528959E+02
 3.145129E+02 2.629837E+02 2.528959E+02
 3.145129E+02 2.629837E+02 2.528959E+02
 3.145129E+02 2.629837E+02 2.528959E+02
 3.145129E+02 2.629837E+02 2.528959E+02
 3.145129E+02 2.629837E+02 2.528959E+02

Band:   92, gas:    8, k-terms:    1
 3.561035E+02 2.812699E+02 2.523348E+02
 3.561035E+02 2.812699E+02 2.523348E+02
 3.561035E+02 2.812699E+02 2.523348E+02
 3.561035E+02 2.812699E+02 2.523348E+02
 3.561035E+02 2.812699E+02 2.523348E+02
 3.561035E+02 2.812699E+02 2.523348E+02
 3.561035E+02 2.812699E+02 2.523348E+02
 3.561035E+02 2.812699E+02 2.523348E+02
 3.561035E+02 2.812699E+02 2.523348E+02
 3.561035E+02 2.812699E+02 2.523348E+02
 3.561035E+02 2.812699E+02 2.523348E+02
 3.561035E+02 2.812699E+02 2.523348E+02
 3.561035E+02 2.812699E+02 2.523348E+02
 3.561035E+02 2.812699E+02 2.523348E+02
 3.561035E+02 2.812699E+02 2.523348E+02
 3.561035E+02 2.812699E+02 2.523348E+02

Band:   93, gas:    8, k-terms:    1
 1.639199E+02 1.319890E+02 1.198639E+02
 1.639199E+02 1.319890E+02 1.198639E+02
 1.639199E+02 1.319890E+02 1.198639E+02
 1.639199E+02 1.319890E+02 1.198639E+02
 1.639199E+02 1.319890E+02 1.198639E+02
 1.639199E+02 1.319890E+02 1.198639E+02
 1.639199E+02 1.319890E+02 1.198639E+02
 1.639199E+02 1.319890E+02 1.198639E+02
 1.639199E+02 1.319890E+02 1.198639E+02
 1.639199E+02 1.319890E+02 1.198639E+02
 1.639199E+02 1.319890E+02 1.198639E+02
 1.639199E+02 1.319890E+02 1.198639E+02
 1.639199E+02 1.319890E+02 1.198639E+02
 1.639199E+02 1.319890E+02 1.198639E+02
 1.639199E+02 1.319890E+02 1.198639E+02
 1.639199E+02 1.319890E+02 1.198639E+02

Band:   94, gas:    8, k-terms:    1
 5.930880E+01 4.863604E+01 4.344801E+01
 5.930880E+01 4.863604E+01 4.344801E+01
 5.930880E+01 4.863604E+01 4.344801E+01
 5.930880E+01 4.863604E+01 4.344801E+01
 5.930880E+01 4.863604E+01 4.344801E+01
 5.930880E+01 4.863604E+01 4.344801E+01
 5.930880E+01 4.863604E+01 4.344801E+01
 5.930880E+01 4.863604E+01 4.344801E+01
 5.930880E+01 4.863604E+01 4.344801E+01
 5.930880E+01 4.863604E+01 4.344801E+01
 5.930880E+01 4.863604E+01 4.344801E+01
 5.930880E+01 4.863604E+01 4.344801E+01
 5.930880E+01 4.863604E+01 4.344801E+01
 5.930880E+01 4.863604E+01 4.344801E+01
 5.930880E+01 4.863604E+01 4.344801E+01
 5.930880E+01 4.863604E+01 4.344801E+01

Band:   95, gas:    8, k-terms:    1
 9.886306E+00 9.799107E+00 8.719470E+00
 9.886306E+00 9.799107E+00 8.719470E+00
 9.886306E+00 9.799107E+00 8.719470E+00
 9.886306E+00 9.799107E+00 8.719470E+00
 9.886306E+00 9.799107E+00 8.719470E+00
 9.886306E+00 9.799107E+00 8.719470E+00
 9.886306E+00 9.799107E+00 8.719470E+00
 9.886306E+00 9.799107E+00 8.719470E+00
 9.886306E+00 9.799107E+00 8.719470E+00
 9.886306E+00 9.799107E+00 8.719470E+00
 9.886306E+00 9.799107E+00 8.719470E+00
 9.886306E+00 9.799107E+00 8.719470E+00
 9.886306E+00 9.799107E+00 8.719470E+00
 9.886306E+00 9.799107E+00 8.719470E+00
 9.886306E+00 9.799107E+00 8.719470E+00
 9.886306E+00 9.799107E+00 8.719470E+00

Band:   96, gas:    8, k-terms:    1
 6.792397E+00 6.719794E+00 5.472285E+00
 6.792397E+00 6.719794E+00 5.472285E+00
 6.792397E+00 6.719794E+00 5.472285E+00
 6.792397E+00 6.719794E+00 5.472285E+00
 6.792397E+00 6.719794E+00 5.472285E+00
 6.792397E+00 6.719794E+00 5.472285E+00
 6.792397E+00 6.719794E+00 5.472285E+00
 6.792397E+00 6.719794E+00 5.472285E+00
 6.792397E+00 6.719794E+00 5.472285E+00
 6.792397E+00 6.719794E+00 5.472285E+00
 6.792397E+00 6.719794E+00 5.472285E+00
 6.792397E+00 6.719794E+00 5.472285E+00
 6.792397E+00 6.719794E+00 5.472285E+00
 6.792397E+00 6.719794E+00 5.472285E+00
 6.792397E+00 6.719794E+00 5.472285E+00
 6.792397E+00 6.719794E+00 5.472285E+00

Band:   97, gas:    8, k-terms:    1
 6.935833E+00 6.723755E+00 5.655040E+00
 6.935833E+00 6.723755E+00 5.655040E+00
 6.935833E+00 6.723755E+00 5.655040E+00
 6.935833E+00 6.723755E+00 5.655040E+00
 6.935833E+00 6.723755E+00 5.655040E+00
 6.935833E+00 6.723755E+00 5.655040E+00
 6.935833E+00 6.723755E+00 5.655040E+00
 6.935833E+00 6.723755E+00 5.655040E+00
 6.935833E+00 6.723755E+00 5.655040E+00
 6.935833E+00 6.723755E+00 5.655040E+00
 6.935833E+00 6.723755E+00 5.655040E+00
 6.935833E+00 6.723755E+00 5.655040E+00
 6.935833E+00 6.723755E+00 5.655040E+00
 6.935833E+00 6.723755E+00 5.655040E+00
 6.935833E+00 6.723755E+00 5.655040E+00
 6.935833E+00 6.723755E+00 5.655040E+00

Band:   98, gas:    8, k-terms:    1
 9.552350E+00 8.763930E+00 7.634115E+00
 9.552350E+00 8.763930E+00 7.634115E+00
 9.552350E+00 8.763930E+00 7.634115E+00
 9.552350E+00 8.763930E+00 7.634115E+00
 9.552350E+00 8.763930E+00 7.634115E+00
 9.552350E+00 8.763930E+00 7.634115E+00
 9.552350E+00 8.763930E+00 7.634115E+00
 9.552350E+00 8.763930E+00 7.634115E+00
 9.552350E+00 8.763930E+00 7.634115E+00
 9.552350E+00 8.763930E+00 7.634115E+00
 9.552350E+00 8.763930E+00 7.634115E+00
 9.552350E+00 8.763930E+00 7.634115E+00
 9.552350E+00 8.763930E+00 7.634115E+00
 9.552350E+00 8.763930E+00 7.634115E+00
 9.552350E+00 8.763930E+00 7.634115E+00
 9.552350E+00 8.763930E+00 7.634115E+00

Band:   99, gas:    8, k-terms:    1
 8.120033E+00 6.963161E+00 5.732729E+00
 8.120033E+00 6.963161E+00 5.732729E+00
 8.120033E+00 6.963161E+00 5.732729E+00
 8.120033E+00 6.963161E+00 5.732729E+00
 8.120033E+00 6.963161E+00 5.732729E+00
 8.120033E+00 6.963161E+00 5.732729E+00
 8.120033E+00 6.963161E+00 5.732729E+00
 8.120033E+00 6.963161E+00 5.732729E+00
 8.120033E+00 6.963161E+00 5.732729E+00
 8.120033E+00 6.963161E+00 5.732729E+00
 8.120033E+00 6.963161E+00 5.732729E+00
 8.120033E+00 6.963161E+00 5.732729E+00
 8.120033E+00 6.963161E+00 5.732729E+00
 8.120033E+00 6.963161E+00 5.732729E+00
 8.120033E+00 6.963161E+00 5.732729E+00
 8.120033E+00 6.963161E+00 5.732729E+00

Band:  100, gas:    8, k-terms:    1
 1.461594E+00 1.191193E+00 7.896558E-01
 1.461594E+00 1.191193E+00 7.896558E-01
 1.461594E+00 1.191193E+00 7.896558E-01
 1.461594E+00 1.191193E+00 7.896558E-01
 1.461594E+00 1.191193E+00 7.896558E-01
 1.461594E+00 1.191193E+00 7.896558E-01
 1.461594E+00 1.191193E+00 7.896558E-01
 1.461594E+00 1.191193E+00 7.896558E-01
 1.461594E+00 1.191193E+00 7.896558E-01
 1.461594E+00 1.191193E+00 7.896558E-01
 1.461594E+00 1.191193E+00 7.896558E-01
 1.461594E+00 1.191193E+00 7.896558E-01
 1.461594E+00 1.191193E+00 7.896558E-01
 1.461594E+00 1.191193E+00 7.896558E-01
 1.461594E+00 1.191193E+00 7.896558E-01
 1.461594E+00 1.191193E+00 7.896558E-01

Band:  101, gas:    8, k-terms:    1
 1.422307E+00 1.326442E+00 1.351475E+00
 1.422307E+00 1.326442E+00 1.351475E+00
 1.422307E+00 1.326442E+00 1.351475E+00
 1.422307E+00 1.326442E+00 1.351475E+00
 1.422307E+00 1.326442E+00 1.351475E+00
 1.422307E+00 1.326442E+00 1.351475E+00
 1.422307E+00 1.326442E+00 1.351475E+00
 1.422307E+00 1.326442E+00 1.351475E+00
 1.422307E+00 1.326442E+00 1.351475E+00
 1.422307E+00 1.326442E+00 1.351475E+00
 1.422307E+00 1.326442E+00 1.351475E+00
 1.422307E+00 1.326442E+00 1.351475E+00
 1.422307E+00 1.326442E+00 1.351475E+00
 1.422307E+00 1.326442E+00 1.351475E+00
 1.422307E+00 1.326442E+00 1.351475E+00
 1.422307E+00 1.326442E+00 1.351475E+00

Band:  102, gas:    8, k-terms:    1
 9.852552E+00 8.426332E+00 7.276601E+00
 9.852552E+00 8.426332E+00 7.276601E+00
 9.852552E+00 8.426332E+00 7.276601E+00
 9.852552E+00 8.426332E+00 7.276601E+00
 9.852552E+00 8.426332E+00 7.276601E+00
 9.852552E+00 8.426332E+00 7.276601E+00
 9.852552E+00 8.426332E+00 7.276601E+00
 9.852552E+00 8.426332E+00 7.276601E+00
 9.852552E+00 8.426332E+00 7.276601E+00
 9.852552E+00 8.426332E+00 7.276601E+00
 9.852552E+00 8.426332E+00 7.276601E+00
 9.852552E+00 8.426332E+00 7.276601E+00
 9.852552E+00 8.426332E+00 7.276601E+00
 9.852552E+00 8.426332E+00 7.276601E+00
 9.852552E+00 8.426332E+00 7.276601E+00
 9.852552E+00 8.426332E+00 7.276601E+00

Band:  103, gas:    8, k-terms:    1
 1.534163E+01 1.672314E+01 2.303208E+01
 1.534163E+01 1.672314E+01 2.303208E+01
 1.534163E+01 1.672314E+01 2.303208E+01
 1.534163E+01 1.672314E+01 2.303208E+01
 1.534163E+01 1.672314E+01 2.303208E+01
 1.534163E+01 1.672314E+01 2.303208E+01
 1.534163E+01 1.672314E+01 2.303208E+01
 1.534163E+01 1.672314E+01 2.303208E+01
 1.534163E+01 1.672314E+01 2.303208E+01
 1.534163E+01 1.672314E+01 2.303208E+01
 1.534163E+01 1.672314E+01 2.303208E+01
 1.534163E+01 1.672314E+01 2.303208E+01
 1.534163E+01 1.672314E+01 2.303208E+01
 1.534163E+01 1.672314E+01 2.303208E+01
 1.534163E+01 1.672314E+01 2.303208E+01
 1.534163E+01 1.672314E+01 2.303208E+01

Band:  104, gas:    8, k-terms:    1
 9.255048E+01 9.389239E+01 1.122712E+02
 9.255048E+01 9.389239E+01 1.122712E+02
 9.255048E+01 9.389239E+01 1.122712E+02
 9.255048E+01 9.389239E+01 1.122712E+02
 9.255048E+01 9.389239E+01 1.122712E+02
 9.255048E+01 9.389239E+01 1.122712E+02
 9.255048E+01 9.389239E+01 1.122712E+02
 9.255048E+01 9.389239E+01 1.122712E+02
 9.255048E+01 9.389239E+01 1.122712E+02
 9.255048E+01 9.389239E+01 1.122712E+02
 9.255048E+01 9.389239E+01 1.122712E+02
 9.255048E+01 9.389239E+01 1.122712E+02
 9.255048E+01 9.389239E+01 1.122712E+02
 9.255048E+01 9.389239E+01 1.122712E+02
 9.255048E+01 9.389239E+01 1.122712E+02
 9.255048E+01 9.389239E+01 1.122712E+02

Band:  105, gas:    8, k-terms:    1
 2.663010E+02 2.240402E+02 2.136622E+02
 2.663010E+02 2.240402E+02 2.136622E+02
 2.663010E+02 2.240402E+02 2.136622E+02
 2.663010E+02 2.240402E+02 2.136622E+02
 2.663010E+02 2.240402E+02 2.136622E+02
 2.663010E+02 2.240402E+02 2.136622E+02
 2.663010E+02 2.240402E+02 2.136622E+02
 2.663010E+02 2.240402E+02 2.136622E+02
 2.663010E+02 2.240402E+02 2.136622E+02
 2.663010E+02 2.240402E+02 2.136622E+02
 2.663010E+02 2.240402E+02 2.136622E+02
 2.663010E+02 2.240402E+02 2.136622E+02
 2.663010E+02 2.240402E+02 2.136622E+02
 2.663010E+02 2.240402E+02 2.136622E+02
 2.663010E+02 2.240402E+02 2.136622E+02
 2.663010E+02 2.240402E+02 2.136622E+02

Band:  106, gas:    8, k-terms:    1
 2.375495E+02 1.802084E+02 1.533694E+02
 2.375495E+02 1.802084E+02 1.533694E+02
 2.375495E+02 1.802084E+02 1.533694E+02
 2.375495E+02 1.802084E+02 1.533694E+02
 2.375495E+02 1.802084E+02 1.533694E+02
 2.375495E+02 1.802084E+02 1.533694E+02
 2.375495E+02 1.802084E+02 1.533694E+02
 2.375495E+02 1.802084E+02 1.533694E+02
 2.375495E+02 1.802084E+02 1.533694E+02
 2.375495E+02 1.802084E+02 1.533694E+02
 2.375495E+02 1.802084E+02 1.533694E+02
 2.375495E+02 1.802084E+02 1.533694E+02
 2.375495E+02 1.802084E+02 1.533694E+02
 2.375495E+02 1.802084E+02 1.533694E+02
 2.375495E+02 1.802084E+02 1.533694E+02
 2.375495E+02 1.802084E+02 1.533694E+02

Band:  107, gas:    8, k-terms:    1
 5.762678E+01 4.509346E+01 3.876955E+01
 5.762678E+01 4.509346E+01 3.876955E+01
 5.762678E+01 4.509346E+01 3.876955E+01
 5.762678E+01 4.509346E+01 3.876955E+01
 5.762678E+01 4.509346E+01 3.876955E+01
 5.762678E+01 4.509346E+01 3.876955E+01
 5.762678E+01 4.509346E+01 3.876955E+01
 5.762678E+01 4.509346E+01 3.876955E+01
 5.762678E+01 4.509346E+01 3.876955E+01
 5.762678E+01 4.509346E+01 3.876955E+01
 5.762678E+01 4.509346E+01 3.876955E+01
 5.762678E+01 4.509346E+01 3.876955E+01
 5.762678E+01 4.509346E+01 3.876955E+01
 5.762678E+01 4.509346E+01 3.876955E+01
 5.762678E+01 4.509346E+01 3.876955E+01
 5.762678E+01 4.509346E+01 3.876955E+01

Band:  108, gas:    8, k-terms:    1
 1.474564E+01 1.235962E+01 1.019537E+01
 1.474564E+01 1.235962E+01 1.019537E+01
 1.474564E+01 1.235962E+01 1.019537E+01
 1.474564E+01 1.235962E+01 1.019537E+01
 1.474564E+01 1.235962E+01 1.019537E+01
 1.474564E+01 1.235962E+01 1.019537E+01
 1.474564E+01 1.235962E+01 1.019537E+01
 1.474564E+01 1.235962E+01 1.019537E+01
 1.474564E+01 1.235962E+01 1.019537E+01
 1.474564E+01 1.235962E+01 1.019537E+01
 1.474564E+01 1.235962E+01 1.019537E+01
 1.474564E+01 1.235962E+01 1.019537E+01
 1.474564E+01 1.235962E+01 1.019537E+01
 1.474564E+01 1.235962E+01 1.019537E+01
 1.474564E+01 1.235962E+01 1.019537E+01
 1.474564E+01 1.235962E+01 1.019537E+01

Band:  109, gas:    8, k-terms:    1
 1.131117E+01 1.033902E+01 1.000741E+01
 1.131117E+01 1.033902E+01 1.000741E+01
 1.131117E+01 1.033902E+01 1.000741E+01
 1.131117E+01 1.033902E+01 1.000741E+01
 1.131117E+01 1.033902E+01 1.000741E+01
 1.131117E+01 1.033902E+01 1.000741E+01
 1.131117E+01 1.033902E+01 1.000741E+01
 1.131117E+01 1.033902E+01 1.000741E+01
 1.131117E+01 1.033902E+01 1.000741E+01
 1.131117E+01 1.033902E+01 1.000741E+01
 1.131117E+01 1.033902E+01 1.000741E+01
 1.131117E+01 1.033902E+01 1.000741E+01
 1.131117E+01 1.033902E+01 1.000741E+01
 1.131117E+01 1.033902E+01 1.000741E+01
 1.131117E+01 1.033902E+01 1.000741E+01
 1.131117E+01 1.033902E+01 1.000741E+01

Band:  110, gas:    8, k-terms:    1
 2.965446E+01 2.677899E+01 2.840917E+01
 2.965446E+01 2.677899E+01 2.840917E+01
 2.965446E+01 2.677899E+01 2.840917E+01
 2.965446E+01 2.677899E+01 2.840917E+01
 2.965446E+01 2.677899E+01 2.840917E+01
 2.965446E+01 2.677899E+01 2.840917E+01
 2.965446E+01 2.677899E+01 2.840917E+01
 2.965446E+01 2.677899E+01 2.840917E+01
 2.965446E+01 2.677899E+01 2.840917E+01
 2.965446E+01 2.677899E+01 2.840917E+01
 2.965446E+01 2.677899E+01 2.840917E+01
 2.965446E+01 2.677899E+01 2.840917E+01
 2.965446E+01 2.677899E+01 2.840917E+01
 2.965446E+01 2.677899E+01 2.840917E+01
 2.965446E+01 2.677899E+01 2.840917E+01
 2.965446E+01 2.677899E+01 2.840917E+01

Band:  111, gas:    8, k-terms:    1
 8.685918E+01 8.451266E+01 9.918765E+01
 8.685918E+01 8.451266E+01 9.918765E+01
 8.685918E+01 8.451266E+01 9.918765E+01
 8.685918E+01 8.451266E+01 9.918765E+01
 8.685918E+01 8.451266E+01 9.918765E+01
 8.685918E+01 8.451266E+01 9.918765E+01
 8.685918E+01 8.451266E+01 9.918765E+01
 8.685918E+01 8.451266E+01 9.918765E+01
 8.685918E+01 8.451266E+01 9.918765E+01
 8.685918E+01 8.451266E+01 9.918765E+01
 8.685918E+01 8.451266E+01 9.918765E+01
 8.685918E+01 8.451266E+01 9.918765E+01
 8.685918E+01 8.451266E+01 9.918765E+01
 8.685918E+01 8.451266E+01 9.918765E+01
 8.685918E+01 8.451266E+01 9.918765E+01
 8.685918E+01 8.451266E+01 9.918765E+01

Band:  112, gas:    8, k-terms:    1
 3.941109E+02 3.179829E+02 2.890120E+02
 3.941109E+02 3.179829E+02 2.890120E+02
 3.941109E+02 3.179829E+02 2.890120E+02
 3.941109E+02 3.179829E+02 2.890120E+02
 3.941109E+02 3.179829E+02 2.890120E+02
 3.941109E+02 3.179829E+02 2.890120E+02
 3.941109E+02 3.179829E+02 2.890120E+02
 3.941109E+02 3.179829E+02 2.890120E+02
 3.941109E+02 3.179829E+02 2.890120E+02
 3.941109E+02 3.179829E+02 2.890120E+02
 3.941109E+02 3.179829E+02 2.890120E+02
 3.941109E+02 3.179829E+02 2.890120E+02
 3.941109E+02 3.179829E+02 2.890120E+02
 3.941109E+02 3.179829E+02 2.890120E+02
 3.941109E+02 3.179829E+02 2.890120E+02
 3.941109E+02 3.179829E+02 2.890120E+02

Band:  113, gas:    8, k-terms:    1
 2.576323E+02 1.946420E+02 1.652962E+02
 2.576323E+02 1.946420E+02 1.652962E+02
 2.576323E+02 1.946420E+02 1.652962E+02
 2.576323E+02 1.946420E+02 1.652962E+02
 2.576323E+02 1.946420E+02 1.652962E+02
 2.576323E+02 1.946420E+02 1.652962E+02
 2.576323E+02 1.946420E+02 1.652962E+02
 2.576323E+02 1.946420E+02 1.652962E+02
 2.576323E+02 1.946420E+02 1.652962E+02
 2.576323E+02 1.946420E+02 1.652962E+02
 2.576323E+02 1.946420E+02 1.652962E+02
 2.576323E+02 1.946420E+02 1.652962E+02
 2.576323E+02 1.946420E+02 1.652962E+02
 2.576323E+02 1.946420E+02 1.652962E+02
 2.576323E+02 1.946420E+02 1.652962E+02
 2.576323E+02 1.946420E+02 1.652962E+02

Band:  114, gas:    8, k-terms:    1
 1.249182E+01 1.227588E+01 1.410375E+01
 1.249182E+01 1.227588E+01 1.410375E+01
 1.249182E+01 1.227588E+01 1.410375E+01
 1.249182E+01 1.227588E+01 1.410375E+01
 1.249182E+01 1.227588E+01 1.410375E+01
 1.249182E+01 1.227588E+01 1.410375E+01
 1.249182E+01 1.227588E+01 1.410375E+01
 1.249182E+01 1.227588E+01 1.410375E+01
 1.249182E+01 1.227588E+01 1.410375E+01
 1.249182E+01 1.227588E+01 1.410375E+01
 1.249182E+01 1.227588E+01 1.410375E+01
 1.249182E+01 1.227588E+01 1.410375E+01
 1.249182E+01 1.227588E+01 1.410375E+01
 1.249182E+01 1.227588E+01 1.410375E+01
 1.249182E+01 1.227588E+01 1.410375E+01
 1.249182E+01 1.227588E+01 1.410375E+01

Band:  115, gas:    8, k-terms:    1
 6.326275E+00 5.557858E+00 5.159005E+00
 6.326275E+00 5.557858E+00 5.159005E+00
 6.326275E+00 5.557858E+00 5.159005E+00
 6.326275E+00 5.557858E+00 5.159005E+00
 6.326275E+00 5.557858E+00 5.159005E+00
 6.326275E+00 5.557858E+00 5.159005E+00
 6.326275E+00 5.557858E+00 5.159005E+00
 6.326275E+00 5.557858E+00 5.159005E+00
 6.326275E+00 5.557858E+00 5.159005E+00
 6.326275E+00 5.557858E+00 5.159005E+00
 6.326275E+00 5.557858E+00 5.159005E+00
 6.326275E+00 5.557858E+00 5.159005E+00
 6.326275E+00 5.557858E+00 5.159005E+00
 6.326275E+00 5.557858E+00 5.159005E+00
 6.326275E+00 5.557858E+00 5.159005E+00
 6.326275E+00 5.557858E+00 5.159005E+00

Band:  116, gas:    8, k-terms:    1
 9.752944E+00 1.049111E+01 1.543976E+01
 9.752944E+00 1.049111E+01 1.543976E+01
 9.752944E+00 1.049111E+01 1.543976E+01
 9.752944E+00 1.049111E+01 1.543976E+01
 9.752944E+00 1.049111E+01 1.543976E+01
 9.752944E+00 1.049111E+01 1.543976E+01
 9.752944E+00 1.049111E+01 1.543976E+01
 9.752944E+00 1.049111E+01 1.543976E+01
 9.752944E+00 1.049111E+01 1.543976E+01
 9.752944E+00 1.049111E+01 1.543976E+01
 9.752944E+00 1.049111E+01 1.543976E+01
 9.752944E+00 1.049111E+01 1.543976E+01
 9.752944E+00 1.049111E+01 1.543976E+01
 9.752944E+00 1.049111E+01 1.543976E+01
 9.752944E+00 1.049111E+01 1.543976E+01
 9.752944E+00 1.049111E+01 1.543976E+01

Band:  117, gas:    8, k-terms:    1
 8.101958E+01 8.054349E+01 9.753029E+01
 8.101958E+01 8.054349E+01 9.753029E+01
 8.101958E+01 8.054349E+01 9.753029E+01
 8.101958E+01 8.054349E+01 9.753029E+01
 8.101958E+01 8.054349E+01 9.753029E+01
 8.101958E+01 8.054349E+01 9.753029E+01
 8.101958E+01 8.054349E+01 9.753029E+01
 8.101958E+01 8.054349E+01 9.753029E+01
 8.101958E+01 8.054349E+01 9.753029E+01
 8.101958E+01 8.054349E+01 9.753029E+01
 8.101958E+01 8.054349E+01 9.753029E+01
 8.101958E+01 8.054349E+01 9.753029E+01
 8.101958E+01 8.054349E+01 9.753029E+01
 8.101958E+01 8.054349E+01 9.753029E+01
 8.101958E+01 8.054349E+01 9.753029E+01
 8.101958E+01 8.054349E+01 9.753029E+01

Band:  118, gas:    8, k-terms:    1
 2.976343E+02 2.540196E+02 2.507627E+02
 2.976343E+02 2.540196E+02 2.507627E+02
 2.976343E+02 2.540196E+02 2.507627E+02
 2.976343E+02 2.540196E+02 2.507627E+02
 2.976343E+02 2.540196E+02 2.507627E+02
 2.976343E+02 2.540196E+02 2.507627E+02
 2.976343E+02 2.540196E+02 2.507627E+02
 2.976343E+02 2.540196E+02 2.507627E+02
 2.976343E+02 2.540196E+02 2.507627E+02
 2.976343E+02 2.540196E+02 2.507627E+02
 2.976343E+02 2.540196E+02 2.507627E+02
 2.976343E+02 2.540196E+02 2.507627E+02
 2.976343E+02 2.540196E+02 2.507627E+02
 2.976343E+02 2.540196E+02 2.507627E+02
 2.976343E+02 2.540196E+02 2.507627E+02
 2.976343E+02 2.540196E+02 2.507627E+02

Band:  119, gas:    8, k-terms:    1
 3.825667E+02 2.907832E+02 2.496253E+02
 3.825667E+02 2.907832E+02 2.496253E+02
 3.825667E+02 2.907832E+02 2.496253E+02
 3.825667E+02 2.907832E+02 2.496253E+02
 3.825667E+02 2.907832E+02 2.496253E+02
 3.825667E+02 2.907832E+02 2.496253E+02
 3.825667E+02 2.907832E+02 2.496253E+02
 3.825667E+02 2.907832E+02 2.496253E+02
 3.825667E+02 2.907832E+02 2.496253E+02
 3.825667E+02 2.907832E+02 2.496253E+02
 3.825667E+02 2.907832E+02 2.496253E+02
 3.825667E+02 2.907832E+02 2.496253E+02
 3.825667E+02 2.907832E+02 2.496253E+02
 3.825667E+02 2.907832E+02 2.496253E+02
 3.825667E+02 2.907832E+02 2.496253E+02
 3.825667E+02 2.907832E+02 2.496253E+02

Band:  120, gas:    8, k-terms:    1
 1.154453E+02 9.353275E+01 9.264877E+01
 1.154453E+02 9.353275E+01 9.264877E+01
 1.154453E+02 9.353275E+01 9.264877E+01
 1.154453E+02 9.353275E+01 9.264877E+01
 1.154453E+02 9.353275E+01 9.264877E+01
 1.154453E+02 9.353275E+01 9.264877E+01
 1.154453E+02 9.353275E+01 9.264877E+01
 1.154453E+02 9.353275E+01 9.264877E+01
 1.154453E+02 9.353275E+01 9.264877E+01
 1.154453E+02 9.353275E+01 9.264877E+01
 1.154453E+02 9.353275E+01 9.264877E+01
 1.154453E+02 9.353275E+01 9.264877E+01
 1.154453E+02 9.353275E+01 9.264877E+01
 1.154453E+02 9.353275E+01 9.264877E+01
 1.154453E+02 9.353275E+01 9.264877E+01
 1.154453E+02 9.353275E+01 9.264877E+01

Band:  121, gas:    8, k-terms:    1
 7.095408E+01 7.931345E+01 1.035398E+02
 7.095408E+01 7.931345E+01 1.035398E+02
 7.095408E+01 7.931345E+01 1.035398E+02
 7.095408E+01 7.931345E+01 1.035398E+02
 7.095408E+01 7.931345E+01 1.035398E+02
 7.095408E+01 7.931345E+01 1.035398E+02
 7.095408E+01 7.931345E+01 1.035398E+02
 7.095408E+01 7.931345E+01 1.035398E+02
 7.095408E+01 7.931345E+01 1.035398E+02
 7.095408E+01 7.931345E+01 1.035398E+02
 7.095408E+01 7.931345E+01 1.035398E+02
 7.095408E+01 7.931345E+01 1.035398E+02
 7.095408E+01 7.931345E+01 1.035398E+02
 7.095408E+01 7.931345E+01 1.035398E+02
 7.095408E+01 7.931345E+01 1.035398E+02
 7.095408E+01 7.931345E+01 1.035398E+02

Band:  122, gas:    8, k-terms:    1
 2.312973E+02 1.851698E+02 1.641599E+02
 2.312973E+02 1.851698E+02 1.641599E+02
 2.312973E+02 1.851698E+02 1.641599E+02
 2.312973E+02 1.851698E+02 1.641599E+02
 2.312973E+02 1.851698E+02 1.641599E+02
 2.312973E+02 1.851698E+02 1.641599E+02
 2.312973E+02 1.851698E+02 1.641599E+02
 2.312973E+02 1.851698E+02 1.641599E+02
 2.312973E+02 1.851698E+02 1.641599E+02
 2.312973E+02 1.851698E+02 1.641599E+02
 2.312973E+02 1.851698E+02 1.641599E+02
 2.312973E+02 1.851698E+02 1.641599E+02
 2.312973E+02 1.851698E+02 1.641599E+02
 2.312973E+02 1.851698E+02 1.641599E+02
 2.312973E+02 1.851698E+02 1.641599E+02
 2.312973E+02 1.851698E+02 1.641599E+02

Band:  123, gas:    8, k-terms:    1
 1.066488E+02 7.560248E+01 5.910646E+01
 1.066488E+02 7.560248E+01 5.910646E+01
 1.066488E+02 7.560248E+01 5.910646E+01
 1.066488E+02 7.560248E+01 5.910646E+01
 1.066488E+02 7.560248E+01 5.910646E+01
 1.066488E+02 7.560248E+01 5.910646E+01
 1.066488E+02 7.560248E+01 5.910646E+01
 1.066488E+02 7.560248E+01 5.910646E+01
 1.066488E+02 7.560248E+01 5.910646E+01
 1.066488E+02 7.560248E+01 5.910646E+01
 1.066488E+02 7.560248E+01 5.910646E+01
 1.066488E+02 7.560248E+01 5.910646E+01
 1.066488E+02 7.560248E+01 5.910646E+01
 1.066488E+02 7.560248E+01 5.910646E+01
 1.066488E+02 7.560248E+01 5.910646E+01
 1.066488E+02 7.560248E+01 5.910646E+01

Band:  124, gas:    8, k-terms:    1
 2.079338E+00 1.611051E+00 1.477210E+00
 2.079338E+00 1.611051E+00 1.477210E+00
 2.079338E+00 1.611051E+00 1.477210E+00
 2.079338E+00 1.611051E+00 1.477210E+00
 2.079338E+00 1.611051E+00 1.477210E+00
 2.079338E+00 1.611051E+00 1.477210E+00
 2.079338E+00 1.611051E+00 1.477210E+00
 2.079338E+00 1.611051E+00 1.477210E+00
 2.079338E+00 1.611051E+00 1.477210E+00
 2.079338E+00 1.611051E+00 1.477210E+00
 2.079338E+00 1.611051E+00 1.477210E+00
 2.079338E+00 1.611051E+00 1.477210E+00
 2.079338E+00 1.611051E+00 1.477210E+00
 2.079338E+00 1.611051E+00 1.477210E+00
 2.079338E+00 1.611051E+00 1.477210E+00
 2.079338E+00 1.611051E+00 1.477210E+00
*END
