P-T table devised for CKDMIP (Hogan and Matricardi 2020: https://doi.org/10.5194/gmd-13-6501-2020).
*PTVAL
6.940531E-01 138.4613 158.4613 178.4613 198.4613 218.4613 238.4613
8.737611E-01 141.7113 161.7113 181.7113 201.7113 221.7113 241.7113
1.100000E+00 144.9613 164.9613 184.9613 204.9613 224.9613 244.9613
1.384818E+00 148.2113 168.2113 188.2113 208.2113 228.2113 248.2113
1.743382E+00 151.4613 171.4613 191.4613 211.4613 231.4613 251.4613
2.194788E+00 154.7113 174.7113 194.7113 214.7113 234.7113 254.7113
2.763075E+00 157.9613 177.9613 197.9613 217.9613 237.9613 257.9613
3.478505E+00 161.2113 181.2113 201.2113 221.2113 241.2113 261.2113
4.379179E+00 164.4613 184.4613 204.4613 224.4613 244.4613 264.4613
5.513060E+00 167.7113 187.7113 207.7113 227.7113 247.7113 267.7113
6.940531E+00 170.9613 190.9613 210.9613 230.9613 250.9613 270.9613
8.737611E+00 174.2113 194.2113 214.2113 234.2113 254.2113 274.2113
1.100000E+01 177.4613 197.4613 217.4613 237.4613 257.4613 277.4613
1.384818E+01 180.7113 200.7113 220.7113 240.7113 260.7113 280.7113
1.743382E+01 183.9613 203.9613 223.9613 243.9613 263.9613 283.9613
2.194788E+01 187.2113 207.2113 227.2113 247.2113 267.2113 287.2113
2.763075E+01 190.4613 210.4613 230.4613 250.4613 270.4613 290.4613
3.478505E+01 193.7113 213.7113 233.7113 253.7113 273.7113 293.7113
4.379179E+01 196.9613 216.9613 236.9613 256.9613 276.9613 296.9613
5.513060E+01 200.2113 220.2113 240.2113 260.2113 280.2113 300.2113
6.940531E+01 203.4613 223.4613 243.4613 263.4613 283.4613 303.4613
8.737611E+01 206.7113 226.7113 246.7113 266.7113 286.7113 306.7113
1.100000E+02 206.3387 226.3387 246.3387 266.3387 286.3387 306.3387
1.384818E+02 203.0887 223.0887 243.0887 263.0887 283.0887 303.0887
1.743382E+02 199.8387 219.8387 239.8387 259.8387 279.8387 299.8387
2.194788E+02 196.5887 216.5887 236.5887 256.5887 276.5887 296.5887
2.763075E+02 193.3387 213.3387 233.3387 253.3387 273.3387 293.3387
3.478505E+02 190.0887 210.0887 230.0887 250.0887 270.0887 290.0887
4.379179E+02 186.8387 206.8387 226.8387 246.8387 266.8387 286.8387
5.513060E+02 183.5887 203.5887 223.5887 243.5887 263.5887 283.5887
6.940531E+02 180.3387 200.3387 220.3387 240.3387 260.3387 280.3387
8.737611E+02 177.0887 197.0887 217.0887 237.0887 257.0887 277.0887
1.100000E+03 173.8387 193.8387 213.8387 233.8387 253.8387 273.8387
1.384818E+03 170.5887 190.5887 210.5887 230.5887 250.5887 270.5887
1.743382E+03 167.3387 187.3387 207.3387 227.3387 247.3387 267.3387
2.194788E+03 164.0887 184.0887 204.0887 224.0887 244.0887 264.0887
2.763075E+03 160.8387 180.8387 200.8387 220.8387 240.8387 260.8387
3.478505E+03 157.5887 177.5887 197.5887 217.5887 237.5887 257.5887
4.379179E+03 154.3387 174.3387 194.3387 214.3387 234.3387 254.3387
5.513060E+03 151.0887 171.0887 191.0887 211.0887 231.0887 251.0887
6.940531E+03 147.8387 167.8387 187.8387 207.8387 227.8387 247.8387
8.737611E+03 144.5887 164.5887 184.5887 204.5887 224.5887 244.5887
1.100000E+04 147.8871 167.8871 187.8871 207.8871 227.8871 247.8871
1.384818E+04 156.3871 176.3871 196.3871 216.3871 236.3871 256.3871
1.743382E+04 164.8871 184.8871 204.8871 224.8871 244.8871 264.8871
2.194788E+04 173.3871 193.3871 213.3871 233.3871 253.3871 273.3871
2.763075E+04 181.8871 201.8871 221.8871 241.8871 261.8871 281.8871
3.478505E+04 190.3871 210.3871 230.3871 250.3871 270.3871 290.3871
4.379179E+04 198.8871 218.8871 238.8871 258.8871 278.8871 298.8871
5.513060E+04 207.3871 227.3871 247.3871 267.3871 287.3871 307.3871
6.940531E+04 215.8871 235.8871 255.8871 275.8871 295.8871 315.8871
8.737611E+04 224.3871 244.3871 264.3871 284.3871 304.3871 324.3871
1.100000E+05 232.8871 252.8871 272.8871 292.8871 312.8871 332.8871
*END
