Follows a US Standard atmosphere to an altitude of approximately 120km.
*PTVAL
1.956107E-03  244.322  294.322  344.322  394.322  444.322  494.322  544.322
3.478505E-03  198.684  238.684  278.684  318.684  358.684  398.684  438.684
6.185755E-03  164.477  194.477  224.477  254.477  284.477  314.477  344.477
1.100000E-02  160.871  180.871  200.871  220.871  240.871  260.871  280.871
1.956107E-02  143.618  163.618  183.618  203.618  223.618  243.618  263.618
3.478505E-02  134.454  154.454  174.454  194.454  214.454  234.454  254.454
6.185755E-02  129.995  149.995  169.995  189.995  209.995  229.995  249.995
1.100000E-01  127.773  147.773  167.773  187.773  207.773  227.773  247.773
1.614579E-01  127.122  147.122  167.122  187.122  207.122  227.122  247.122
2.369878E-01  127.472  147.472  167.472  187.472  207.472  227.472  247.472
3.478505E-01  128.339  148.339  168.339  188.339  208.339  228.339  248.339
5.105748E-01  130.432  150.432  170.432  190.432  210.432  230.432  250.432
7.494213E-01  134.779  154.779  174.779  194.779  214.779  234.779  254.779
1.100000E+00  139.151  159.151  179.151  199.151  219.151  239.151  259.151
1.466874E+00  142.563  162.563  182.563  202.563  222.563  242.563  262.563
1.956107E+00  145.976  165.976  185.976  205.976  225.976  245.976  265.976
2.608511E+00  149.601  169.601  189.601  209.601  229.601  249.601  269.601
3.478505E+00  153.750  173.750  193.750  213.750  233.750  253.750  273.750
4.638662E+00  157.898  177.898  197.898  217.898  237.898  257.898  277.898
6.185755E+00  162.759  182.759  202.759  222.759  242.759  262.759  282.759
8.248836E+00  168.114  188.114  208.114  228.114  248.114  268.114  288.114
1.100000E+01  173.479  193.479  213.479  233.479  253.479  273.479  293.479
1.384818E+01  178.001  198.001  218.001  238.001  258.001  278.001  298.001
1.743383E+01  182.522  202.522  222.522  242.522  262.522  282.522  302.522
2.194789E+01  187.045  207.045  227.045  247.045  267.045  287.045  307.045
2.763075E+01  191.838  211.838  231.838  251.838  271.838  291.838  311.838
3.478505E+01  196.631  216.631  236.631  256.631  276.631  296.631  316.631
4.379179E+01  201.271  221.271  241.271  261.271  281.271  301.271  321.271
5.513060E+01  204.890  224.890  244.890  264.890  284.890  304.890  324.890
6.940531E+01  208.510  228.510  248.510  268.510  288.510  308.510  328.510
8.737611E+01  210.671  230.671  250.671  270.671  290.671  310.671  330.671
1.100000E+02  210.413  230.413  250.413  270.413  290.413  310.413  330.413
1.332680E+02  206.493  226.493  246.493  266.493  286.493  306.493  326.493
1.614579E+02  202.500  222.500  242.500  262.500  282.500  302.500  322.500
1.956107E+02  198.405  218.405  238.405  258.405  278.405  298.405  318.405
2.369878E+02  194.387  214.387  234.387  254.387  274.387  294.387  314.387
2.871173E+02  190.399  210.399  230.399  250.399  270.399  290.399  310.399
3.478505E+02  186.493  206.493  226.493  246.493  266.493  286.493  306.493
4.214306E+02  182.598  202.598  222.598  242.598  262.598  282.598  302.598
5.105748E+02  178.824  198.824  218.824  238.824  258.824  278.824  298.824
6.185755E+02  175.057  195.057  215.057  235.057  255.057  275.057  295.057
7.494213E+02  171.302  191.302  211.302  231.302  251.302  271.302  291.302
9.079446E+02  168.908  188.908  208.908  228.908  248.908  268.908  288.908
1.100000E+03  167.236  187.236  207.236  227.236  247.236  267.236  287.236
1.332680E+03  165.786  185.786  205.786  225.786  245.786  265.786  285.786
1.614579E+03  164.509  184.509  204.509  224.509  244.509  264.509  284.509
1.956107E+03  163.272  183.272  203.272  223.272  243.272  263.272  283.272
2.369878E+03  162.060  182.060  202.060  222.060  242.060  262.060  282.060
2.871173E+03  160.825  180.825  200.825  220.825  240.825  260.825  280.825
3.478505E+03  159.579  179.579  199.579  219.579  239.579  259.579  279.579
4.214306E+03  158.340  178.340  198.340  218.340  238.340  258.340  278.340
5.105748E+03  157.159  177.159  197.159  217.159  237.159  257.159  277.159
6.185755E+03  156.700  176.700  196.700  216.700  236.700  256.700  276.700
7.494213E+03  156.700  176.700  196.700  216.700  236.700  256.700  276.700
9.079446E+03  156.700  176.700  196.700  216.700  236.700  256.700  276.700
1.100000E+04  156.700  176.700  196.700  216.700  236.700  256.700  276.700
1.332680E+04  156.700  176.700  196.700  216.700  236.700  256.700  276.700
1.614579E+04  156.700  176.700  196.700  216.700  236.700  256.700  276.700
1.956107E+04  156.705  176.705  196.705  216.705  236.705  256.705  276.705
2.369878E+04  158.608  178.608  198.608  218.608  238.608  258.608  278.608
2.871173E+04  166.712  186.712  206.712  226.712  246.712  266.712  286.712
3.478505E+04  175.108  195.108  215.108  235.108  255.108  275.108  295.108
4.214306E+04  183.864  203.864  223.864  243.864  263.864  283.864  303.864
5.105748E+04  192.959  212.959  232.959  252.959  272.959  292.959  312.959
6.185755E+04  202.362  222.362  242.362  262.362  282.362  302.362  322.362
7.494213E+04  212.143  232.143  252.143  272.143  292.143  312.143  332.143
9.079446E+04  222.250  242.250  262.250  282.250  302.250  322.250  342.250
1.100000E+05  228.200  248.200  268.200  288.200  308.200  328.200  348.200
*END
